shape_id,shape_pt_lon,shape_pt_lat,shape_pt_sequence
MM-A-NIQUIA,-75.6269273,6.1523019,0
MM-A-NIQUIA,-75.6264145,6.1526086,1
MM-A-NIQUIA,-75.6252518,6.1533042,2
MM-A-NIQUIA,-75.6247956,6.1535771,3
MM-A-NIQUIA,-75.6240109,6.1540466,4
MM-A-NIQUIA,-75.6230075,6.1546469,5
MM-A-NIQUIA,-75.6216899,6.1554988,6
MM-A-NIQUIA,-75.6214708,6.1556356,7
MM-A-NIQUIA,-75.6206717,6.1559783,8
MM-A-NIQUIA,-75.6197657,6.1561751,9
MM-A-NIQUIA,-75.6185331,6.1565208,10
MM-A-NIQUIA,-75.6175444,6.1569307,11
MM-A-NIQUIA,-75.6160365,6.1577865,12
MM-A-NIQUIA,-75.6154217,6.1581354,13
MM-A-NIQUIA,-75.612234,6.159859,14
MM-A-NIQUIA,-75.6118842,6.1600877,15
MM-A-NIQUIA,-75.6114161,6.1604164,16
MM-A-NIQUIA,-75.6103712,6.1613374,17
MM-A-NIQUIA,-75.6101112,6.1615113,18
MM-A-NIQUIA,-75.6095992,6.1618367,19
MM-A-NIQUIA,-75.609263,6.1619965,20
MM-A-NIQUIA,-75.6089294,6.16212,21
MM-A-NIQUIA,-75.6078877,6.162466,22
MM-A-NIQUIA,-75.6066887,6.1629034,23
MM-A-NIQUIA,-75.6054073,6.163371,24
MM-A-NIQUIA,-75.605172,6.1634628,25
MM-A-NIQUIA,-75.6050319,6.1635353,26
MM-A-NIQUIA,-75.6048063,6.1636668,27
MM-A-NIQUIA,-75.6045816,6.1638315,28
MM-A-NIQUIA,-75.6043556,6.1640275,29
MM-A-NIQUIA,-75.6041142,6.1642795,30
MM-A-NIQUIA,-75.603974,6.1644515,31
MM-A-NIQUIA,-75.6038258,6.1646768,32
MM-A-NIQUIA,-75.603685,6.1649595,33
MM-A-NIQUIA,-75.6035556,6.1653348,34
MM-A-NIQUIA,-75.6034349,6.1658295,35
MM-A-NIQUIA,-75.6026557,6.1693495,36
MM-A-NIQUIA,-75.602531,6.1698076,37
MM-A-NIQUIA,-75.6023982,6.1701636,38
MM-A-NIQUIA,-75.6022527,6.1704696,39
MM-A-NIQUIA,-75.6021039,6.1707256,40
MM-A-NIQUIA,-75.6018893,6.1710109,41
MM-A-NIQUIA,-75.6013944,6.1715136,42
MM-A-NIQUIA,-75.6011114,6.1717449,43
MM-A-NIQUIA,-75.6003162,6.1723096,44
MM-A-NIQUIA,-75.5986988,6.1734523,45
MM-A-NIQUIA,-75.5981416,6.1738503,46
MM-A-NIQUIA,-75.5978663,6.1740494,47
MM-A-NIQUIA,-75.5970233,6.174665,48
MM-A-NIQUIA,-75.5962164,6.1752542,49
MM-A-NIQUIA,-75.5947814,6.1762269,50
MM-A-NIQUIA,-75.5941666,6.176725,51
MM-A-NIQUIA,-75.5938521,6.1770196,52
MM-A-NIQUIA,-75.5935745,6.177297,53
MM-A-NIQUIA,-75.5930213,6.1778796,54
MM-A-NIQUIA,-75.5927383,6.1781836,55
MM-A-NIQUIA,-75.5924553,6.1785436,56
MM-A-NIQUIA,-75.5918766,6.1794116,57
MM-A-NIQUIA,-75.5907219,6.1812356,58
MM-A-NIQUIA,-75.590276,6.1819255,59
MM-A-NIQUIA,-75.5895745,6.1830176,60
MM-A-NIQUIA,-75.5893131,6.1833768,61
MM-A-NIQUIA,-75.5889745,6.1837835,62
MM-A-NIQUIA,-75.5888377,6.1839375,63
MM-A-NIQUIA,-75.5885245,6.1842708,64
MM-A-NIQUIA,-75.5882831,6.1845175,65
MM-A-NIQUIA,-75.5879834,6.1847655,66
MM-A-NIQUIA,-75.5875663,6.1850588,67
MM-A-NIQUIA,-75.5873397,6.1852161,68
MM-A-NIQUIA,-75.5862017,6.1860544,69
MM-A-NIQUIA,-75.5845103,6.1872595,70
MM-A-NIQUIA,-75.584065,6.1876408,71
MM-A-NIQUIA,-75.5836654,6.1880541,72
MM-A-NIQUIA,-75.5833167,6.1885714,73
MM-A-NIQUIA,-75.5831048,6.1890514,74
MM-A-NIQUIA,-75.5829331,6.1895981,75
MM-A-NIQUIA,-75.5822585,6.1925219,76
MM-A-NIQUIA,-75.5818361,6.1938326,77
MM-A-NIQUIA,-75.5808366,6.1965728,78
MM-A-NIQUIA,-75.5803005,6.1981227,79
MM-A-NIQUIA,-75.5800016,6.1991518,80
MM-A-NIQUIA,-75.579789,6.200227,81
MM-A-NIQUIA,-75.5796473,6.2011887,82
MM-A-NIQUIA,-75.5795148,6.2021505,83
MM-A-NIQUIA,-75.5781021,6.211949,84
MM-A-NIQUIA,-75.5777278,6.2144092,85
MM-A-NIQUIA,-75.5775733,6.2153764,86
MM-A-NIQUIA,-75.5768033,6.2209776,87
MM-A-NIQUIA,-75.5756147,6.2300218,88
MM-A-NIQUIA,-75.5752982,6.232239,89
MM-A-NIQUIA,-75.5752233,6.2328274,90
MM-A-NIQUIA,-75.5750723,6.2334093,91
MM-A-NIQUIA,-75.5749318,6.2337938,92
MM-A-NIQUIA,-75.5747874,6.2341713,93
MM-A-NIQUIA,-75.5731101,6.238535,94
MM-A-NIQUIA,-75.5713944,6.2429421,95
MM-A-NIQUIA,-75.570645,6.2449091,96
MM-A-NIQUIA,-75.5696706,6.2471865,97
MM-A-NIQUIA,-75.5694619,6.2477239,98
MM-A-NIQUIA,-75.5692302,6.2483159,99
MM-A-NIQUIA,-75.5688622,6.2490373,100
MM-A-NIQUIA,-75.5685106,6.249793,101
MM-A-NIQUIA,-75.5682057,6.2505447,102
MM-A-NIQUIA,-75.5680411,6.2509838,103
MM-A-NIQUIA,-75.5678255,6.2515591,104
MM-A-NIQUIA,-75.567612,6.2528674,105
MM-A-NIQUIA,-75.5674908,6.253312,106
MM-A-NIQUIA,-75.5671904,6.2540799,107
MM-A-NIQUIA,-75.5661286,6.2567836,108
MM-A-NIQUIA,-75.5658888,6.257358,109
MM-A-NIQUIA,-75.5644783,6.2606356,110
MM-A-NIQUIA,-75.5632743,6.2639035,111
MM-A-NIQUIA,-75.5627615,6.2652993,112
MM-A-NIQUIA,-75.5625985,6.2658624,113
MM-A-NIQUIA,-75.5625641,6.2663828,114
MM-A-NIQUIA,-75.5626242,6.2668947,115
MM-A-NIQUIA,-75.5627615,6.2673555,116
MM-A-NIQUIA,-75.5630276,6.2678332,117
MM-A-NIQUIA,-75.5633616,6.2682603,118
MM-A-NIQUIA,-75.5635161,6.2684053,119
MM-A-NIQUIA,-75.5636517,6.2685097,120
MM-A-NIQUIA,-75.5637743,6.2686096,121
MM-A-NIQUIA,-75.5639502,6.2687254,122
MM-A-NIQUIA,-75.5641889,6.2688353,123
MM-A-NIQUIA,-75.5651331,6.2691995,124
MM-A-NIQUIA,-75.5657961,6.2694266,125
MM-A-NIQUIA,-75.5686016,6.270374,126
MM-A-NIQUIA,-75.568927,6.2705103,127
MM-A-NIQUIA,-75.5691759,6.2706341,128
MM-A-NIQUIA,-75.569447,6.2708113,129
MM-A-NIQUIA,-75.5696709,6.2710156,130
MM-A-NIQUIA,-75.5697827,6.2711317,131
MM-A-NIQUIA,-75.5698933,6.2712464,132
MM-A-NIQUIA,-75.5700743,6.271536,133
MM-A-NIQUIA,-75.5702156,6.271802,134
MM-A-NIQUIA,-75.5703444,6.2721347,135
MM-A-NIQUIA,-75.5704044,6.2724077,136
MM-A-NIQUIA,-75.5704348,6.2726537,137
MM-A-NIQUIA,-75.570448,6.2729479,138
MM-A-NIQUIA,-75.5704348,6.2732765,139
MM-A-NIQUIA,-75.5702803,6.2741296,140
MM-A-NIQUIA,-75.5694011,6.2783298,141
MM-A-NIQUIA,-75.5688648,6.2806267,142
MM-A-NIQUIA,-75.5688123,6.2808889,143
MM-A-NIQUIA,-75.5687608,6.2812971,144
MM-A-NIQUIA,-75.5687489,6.2816378,145
MM-A-NIQUIA,-75.5686816,6.2826786,146
MM-A-NIQUIA,-75.5686244,6.2830634,147
MM-A-NIQUIA,-75.5685436,6.2833764,148
MM-A-NIQUIA,-75.5684038,6.2837194,149
MM-A-NIQUIA,-75.5682742,6.2839687,150
MM-A-NIQUIA,-75.5680924,6.2842147,151
MM-A-NIQUIA,-75.5679089,6.2844289,152
MM-A-NIQUIA,-75.5674796,6.2848271,153
MM-A-NIQUIA,-75.5668433,6.2854228,154
MM-A-NIQUIA,-75.5665823,6.285709,155
MM-A-NIQUIA,-75.5663597,6.286041,156
MM-A-NIQUIA,-75.5662382,6.2863302,157
MM-A-NIQUIA,-75.5660997,6.2867556,158
MM-A-NIQUIA,-75.5658225,6.2883971,159
MM-A-NIQUIA,-75.5657606,6.2886612,160
MM-A-NIQUIA,-75.5656815,6.2889211,161
MM-A-NIQUIA,-75.5655715,6.2891597,162
MM-A-NIQUIA,-75.5654508,6.289357,163
MM-A-NIQUIA,-75.5653415,6.2895073,164
MM-A-NIQUIA,-75.5646319,6.2903551,165
MM-A-NIQUIA,-75.5642518,6.290806,166
MM-A-NIQUIA,-75.5640433,6.2910986,167
MM-A-NIQUIA,-75.5639327,6.2912753,168
MM-A-NIQUIA,-75.5637744,6.2915619,169
MM-A-NIQUIA,-75.5636678,6.2918078,170
MM-A-NIQUIA,-75.5635907,6.2920658,171
MM-A-NIQUIA,-75.5633848,6.2928542,172
MM-A-NIQUIA,-75.5633077,6.2931162,173
MM-A-NIQUIA,-75.5630878,6.2937174,174
MM-A-NIQUIA,-75.5626156,6.2942981,175
MM-A-NIQUIA,-75.562135,6.2948782,176
MM-A-NIQUIA,-75.5598605,6.2972755,177
MM-A-NIQUIA,-75.5594715,6.2978113,178
MM-A-NIQUIA,-75.5590963,6.2983559,179
MM-A-NIQUIA,-75.5588206,6.2988952,180
MM-A-NIQUIA,-75.5584373,6.2998592,181
MM-A-NIQUIA,-75.558076,6.3007523,182
MM-A-NIQUIA,-75.5579617,6.3012378,183
MM-A-NIQUIA,-75.5576249,6.3021168,184
MM-A-NIQUIA,-75.5572941,6.3032047,185
MM-A-NIQUIA,-75.557174,6.3039811,186
MM-A-NIQUIA,-75.5572083,6.3048256,187
MM-A-NIQUIA,-75.5576804,6.3083575,188
MM-A-NIQUIA,-75.5577147,6.3090485,189
MM-A-NIQUIA,-75.5576289,6.309714,190
MM-A-NIQUIA,-75.5573885,6.3102941,191
MM-A-NIQUIA,-75.5569932,6.3108573,192
MM-A-NIQUIA,-75.5558443,6.3124308,193
MM-A-NIQUIA,-75.5556644,6.3127231,194
MM-A-NIQUIA,-75.5555195,6.313028,195
MM-A-NIQUIA,-75.5553029,6.3137523,196
MM-A-NIQUIA,-75.5552342,6.3141331,197
MM-A-NIQUIA,-75.55521,6.3144571,198
MM-A-NIQUIA,-75.5552092,6.3150321,199
MM-A-NIQUIA,-75.555276,6.3159821,200
MM-A-NIQUIA,-75.555323,6.3166648,201
MM-A-NIQUIA,-75.5553454,6.3170034,202
MM-A-NIQUIA,-75.5553647,6.3175005,203
MM-A-NIQUIA,-75.5553871,6.3178688,204
MM-A-NIQUIA,-75.5554478,6.3188253,205
MM-A-NIQUIA,-75.5554555,6.3189599,206
MM-A-NIQUIA,-75.555483,6.3194417,207
MM-A-NIQUIA,-75.5555086,6.3198054,208
MM-A-NIQUIA,-75.5555951,6.3207684,209
MM-A-NIQUIA,-75.5556695,6.3217906,210
MM-A-NIQUIA,-75.5556627,6.3221584,211
MM-A-NIQUIA,-75.5556619,6.3225272,212
MM-A-NIQUIA,-75.5555443,6.323278,213
MM-A-NIQUIA,-75.5554504,6.3240664,214
MM-A-NIQUIA,-75.5552567,6.3253366,215
MM-A-NIQUIA,-75.5551258,6.3261928,216
MM-A-NIQUIA,-75.5549497,6.3270675,217
MM-A-NIQUIA,-75.5548576,6.3275032,218
MM-A-NIQUIA,-75.5547546,6.3278426,219
MM-A-NIQUIA,-75.5546145,6.3282246,220
MM-A-NIQUIA,-75.5544259,6.3286357,221
MM-A-NIQUIA,-75.5540679,6.329265,222
MM-A-NIQUIA,-75.5536411,6.3299795,223
MM-A-NIQUIA,-75.553214,6.330726,224
MM-A-NIQUIA,-75.5530659,6.3309592,225
MM-A-NIQUIA,-75.5529754,6.3311024,226
MM-A-NIQUIA,-75.552798,6.3313293,227
MM-A-NIQUIA,-75.5525278,6.331593,228
MM-A-NIQUIA,-75.5518552,6.3321923,229
MM-A-NIQUIA,-75.5516722,6.3323554,230
MM-A-NIQUIA,-75.5512018,6.3327518,231
MM-A-NIQUIA,-75.5502075,6.3336388,232
MM-A-NIQUIA,-75.5491491,6.3345665,233
MM-A-NIQUIA,-75.5486616,6.3351053,234
MM-A-NIQUIA,-75.5480191,6.3359488,235
MM-A-NIQUIA,-75.5478532,6.3361539,236
MM-A-NIQUIA,-75.5476972,6.336322,237
MM-A-NIQUIA,-75.5475612,6.3364535,238
MM-A-NIQUIA,-75.5472954,6.3366811,239
MM-A-NIQUIA,-75.5471412,6.3367945,240
MM-A-NIQUIA,-75.5470108,6.3368767,241
MM-A-NIQUIA,-75.5468221,6.3369901,242
MM-A-NIQUIA,-75.5465482,6.3371296,243
MM-A-NIQUIA,-75.546124,6.337303,244
MM-A-NIQUIA,-75.5452952,6.3375437,245
MM-A-NIQUIA,-75.5442617,6.3378248,246
MM-A-LESTRELLA,-75.5408541,6.338724,0
MM-A-LESTRELLA,-75.5432786,6.3381108,1
MM-A-LESTRELLA,-75.5442696,6.3378515,2
MM-A-LESTRELLA,-75.5452989,6.3375755,3
MM-A-LESTRELLA,-75.5456793,6.3374696,4
MM-A-LESTRELLA,-75.5461357,6.3373327,5
MM-A-LESTRELLA,-75.5465568,6.3371613,6
MM-A-LESTRELLA,-75.5468307,6.3370238,7
MM-A-LESTRELLA,-75.5470265,6.3369064,8
MM-A-LESTRELLA,-75.5471519,6.3368179,9
MM-A-LESTRELLA,-75.5473098,6.3367085,10
MM-A-LESTRELLA,-75.5475674,6.336488,11
MM-A-LESTRELLA,-75.5477125,6.3363535,12
MM-A-LESTRELLA,-75.5480421,6.3359702,13
MM-A-LESTRELLA,-75.5486791,6.3351336,14
MM-A-LESTRELLA,-75.5491668,6.3345954,15
MM-A-LESTRELLA,-75.5502372,6.33365,16
MM-A-LESTRELLA,-75.5512132,6.3327851,17
MM-A-LESTRELLA,-75.5516873,6.3323748,18
MM-A-LESTRELLA,-75.5524173,6.3317406,19
MM-A-LESTRELLA,-75.552826,6.3313692,20
MM-A-LESTRELLA,-75.5531301,6.3310213,21
MM-A-LESTRELLA,-75.5533074,6.3307584,22
MM-A-LESTRELLA,-75.5537078,6.3300472,23
MM-A-LESTRELLA,-75.5541209,6.3293253,24
MM-A-LESTRELLA,-75.5544916,6.3286792,25
MM-A-LESTRELLA,-75.5546837,6.3282475,26
MM-A-LESTRELLA,-75.5548202,6.3278591,27
MM-A-LESTRELLA,-75.5548991,6.3275385,28
MM-A-LESTRELLA,-75.5549934,6.327087,29
MM-A-LESTRELLA,-75.5551572,6.3262053,30
MM-A-LESTRELLA,-75.5552897,6.3253404,31
MM-A-LESTRELLA,-75.5554807,6.3240671,32
MM-A-LESTRELLA,-75.5555749,6.3232891,33
MM-A-LESTRELLA,-75.5556874,6.3225341,34
MM-A-LESTRELLA,-75.5556929,6.3221577,35
MM-A-LESTRELLA,-75.5556993,6.3217937,36
MM-A-LESTRELLA,-75.5555799,6.3198541,37
MM-A-LESTRELLA,-75.5555263,6.3188085,38
MM-A-LESTRELLA,-75.5554814,6.3183849,39
MM-A-LESTRELLA,-75.555424,6.3178493,40
MM-A-LESTRELLA,-75.5554083,6.3174629,41
MM-A-LESTRELLA,-75.55544,6.3166409,42
MM-A-LESTRELLA,-75.5554089,6.3159889,43
MM-A-LESTRELLA,-75.5553137,6.3150153,44
MM-A-LESTRELLA,-75.5552944,6.3144599,45
MM-A-LESTRELLA,-75.5553029,6.3141509,46
MM-A-LESTRELLA,-75.5553578,6.3137719,47
MM-A-LESTRELLA,-75.555573,6.3130448,48
MM-A-LESTRELLA,-75.555719,6.3127399,49
MM-A-LESTRELLA,-75.5558867,6.3124418,50
MM-A-LESTRELLA,-75.5570237,6.3108739,51
MM-A-LESTRELLA,-75.5574107,6.3103043,52
MM-A-LESTRELLA,-75.5576521,6.3097218,53
MM-A-LESTRELLA,-75.5577406,6.3090392,54
MM-A-LESTRELLA,-75.5577015,6.3083509,55
MM-A-LESTRELLA,-75.5572317,6.3048217,56
MM-A-LESTRELLA,-75.5571983,6.3039898,57
MM-A-LESTRELLA,-75.5573162,6.3032112,58
MM-A-LESTRELLA,-75.5576466,6.3021288,59
MM-A-LESTRELLA,-75.5579928,6.3012485,60
MM-A-LESTRELLA,-75.5582445,6.3008094,61
MM-A-LESTRELLA,-75.5585991,6.2999258,62
MM-A-LESTRELLA,-75.5589934,6.2989608,63
MM-A-LESTRELLA,-75.559232,6.2983559,64
MM-A-LESTRELLA,-75.5596194,6.2976508,65
MM-A-LESTRELLA,-75.5598823,6.2972889,66
MM-A-LESTRELLA,-75.5621515,6.2948947,67
MM-A-LESTRELLA,-75.5626362,6.2943099,68
MM-A-LESTRELLA,-75.563128,6.2937267,69
MM-A-LESTRELLA,-75.5633399,6.2931215,70
MM-A-LESTRELLA,-75.5634217,6.2928736,71
MM-A-LESTRELLA,-75.5636457,6.2920737,72
MM-A-LESTRELLA,-75.5637302,6.2918338,73
MM-A-LESTRELLA,-75.5638488,6.2915979,74
MM-A-LESTRELLA,-75.5640078,6.2913279,75
MM-A-LESTRELLA,-75.5641358,6.2911526,76
MM-A-LESTRELLA,-75.5643524,6.290874,77
MM-A-LESTRELLA,-75.5647329,6.2904013,78
MM-A-LESTRELLA,-75.5653992,6.2895737,79
MM-A-LESTRELLA,-75.5655111,6.2893957,80
MM-A-LESTRELLA,-75.5656318,6.2891997,81
MM-A-LESTRELLA,-75.5657405,6.2889598,82
MM-A-LESTRELLA,-75.5658183,6.2886825,83
MM-A-LESTRELLA,-75.565867,6.2884336,84
MM-A-LESTRELLA,-75.5661668,6.2867236,85
MM-A-LESTRELLA,-75.5662892,6.2863569,86
MM-A-LESTRELLA,-75.5664072,6.2860849,87
MM-A-LESTRELLA,-75.566621,6.2857458,88
MM-A-LESTRELLA,-75.5668753,6.2854429,89
MM-A-LESTRELLA,-75.5675436,6.2848221,90
MM-A-LESTRELLA,-75.5679493,6.284459,91
MM-A-LESTRELLA,-75.5681446,6.2842298,92
MM-A-LESTRELLA,-75.5682994,6.2840139,93
MM-A-LESTRELLA,-75.5684459,6.2837311,94
MM-A-LESTRELLA,-75.5685823,6.2833931,95
MM-A-LESTRELLA,-75.5686631,6.2830685,96
MM-A-LESTRELLA,-75.5687254,6.2826869,97
MM-A-LESTRELLA,-75.5687843,6.2816478,98
MM-A-LESTRELLA,-75.5687914,6.2813038,99
MM-A-LESTRELLA,-75.5688449,6.2809366,100
MM-A-LESTRELLA,-75.5689022,6.2806437,101
MM-A-LESTRELLA,-75.5694321,6.278334,102
MM-A-LESTRELLA,-75.5703056,6.2741325,103
MM-A-LESTRELLA,-75.5704553,6.2732751,104
MM-A-LESTRELLA,-75.5704703,6.2729483,105
MM-A-LESTRELLA,-75.5704608,6.2726563,106
MM-A-LESTRELLA,-75.570428,6.2724034,107
MM-A-LESTRELLA,-75.5703692,6.272131,108
MM-A-LESTRELLA,-75.5702428,6.2718038,109
MM-A-LESTRELLA,-75.5700948,6.2715238,110
MM-A-LESTRELLA,-75.5699194,6.2712383,111
MM-A-LESTRELLA,-75.5697943,6.2711061,112
MM-A-LESTRELLA,-75.5696887,6.2709983,113
MM-A-LESTRELLA,-75.5694561,6.270788,114
MM-A-LESTRELLA,-75.569186,6.2706146,115
MM-A-LESTRELLA,-75.5689382,6.2704883,116
MM-A-LESTRELLA,-75.5686117,6.2703506,117
MM-A-LESTRELLA,-75.5658074,6.2694045,118
MM-A-LESTRELLA,-75.5651394,6.2691733,119
MM-A-LESTRELLA,-75.5641981,6.2688094,120
MM-A-LESTRELLA,-75.5639618,6.2687041,121
MM-A-LESTRELLA,-75.5637898,6.2685909,122
MM-A-LESTRELLA,-75.5636852,6.2685041,123
MM-A-LESTRELLA,-75.5635369,6.2683916,124
MM-A-LESTRELLA,-75.5633799,6.2682439,125
MM-A-LESTRELLA,-75.5630443,6.2678157,126
MM-A-LESTRELLA,-75.5627823,6.2673398,127
MM-A-LESTRELLA,-75.5626461,6.2668859,128
MM-A-LESTRELLA,-75.5625897,6.2663682,129
MM-A-LESTRELLA,-75.5626223,6.2658631,130
MM-A-LESTRELLA,-75.5627693,6.2653448,131
MM-A-LESTRELLA,-75.5632983,6.2639132,132
MM-A-LESTRELLA,-75.564502,6.2606417,133
MM-A-LESTRELLA,-75.5659031,6.2573888,134
MM-A-LESTRELLA,-75.5661535,6.2567915,135
MM-A-LESTRELLA,-75.5671453,6.2542608,136
MM-A-LESTRELLA,-75.5675178,6.2533121,137
MM-A-LESTRELLA,-75.5676359,6.2528603,138
MM-A-LESTRELLA,-75.5678601,6.2515591,139
MM-A-LESTRELLA,-75.5682402,6.2505487,140
MM-A-LESTRELLA,-75.5685411,6.2498213,141
MM-A-LESTRELLA,-75.5688724,6.2490858,142
MM-A-LESTRELLA,-75.5692708,6.248328,143
MM-A-LESTRELLA,-75.5694904,6.2477299,144
MM-A-LESTRELLA,-75.5697001,6.2471998,145
MM-A-LESTRELLA,-75.5706815,6.244905,146
MM-A-LESTRELLA,-75.571429,6.2429461,147
MM-A-LESTRELLA,-75.5731365,6.238539,148
MM-A-LESTRELLA,-75.5748251,6.2341713,149
MM-A-LESTRELLA,-75.5749632,6.2338266,150
MM-A-LESTRELLA,-75.5751031,6.2334614,151
MM-A-LESTRELLA,-75.575251,6.2328611,152
MM-A-LESTRELLA,-75.5753358,6.2322417,153
MM-A-LESTRELLA,-75.5756496,6.2300232,154
MM-A-LESTRELLA,-75.5777832,6.2143962,155
MM-A-LESTRELLA,-75.5779648,6.2131757,156
MM-A-LESTRELLA,-75.5781351,6.2119513,157
MM-A-LESTRELLA,-75.5795646,6.2021258,158
MM-A-LESTRELLA,-75.5798345,6.2002483,159
MM-A-LESTRELLA,-75.580061,6.199147,160
MM-A-LESTRELLA,-75.5803652,6.1981257,161
MM-A-LESTRELLA,-75.5807041,6.1971088,162
MM-A-LESTRELLA,-75.5809198,6.1965054,163
MM-A-LESTRELLA,-75.5818683,6.1938406,164
MM-A-LESTRELLA,-75.5823016,6.1925173,165
MM-A-LESTRELLA,-75.5829707,6.1896034,166
MM-A-LESTRELLA,-75.5831531,6.1890567,167
MM-A-LESTRELLA,-75.5833703,6.1885874,168
MM-A-LESTRELLA,-75.5837002,6.1880834,169
MM-A-LESTRELLA,-75.5840838,6.1876755,170
MM-A-LESTRELLA,-75.5845612,6.1872808,171
MM-A-LESTRELLA,-75.5862124,6.1860715,172
MM-A-LESTRELLA,-75.5873611,6.1852495,173
MM-A-LESTRELLA,-75.5875884,6.1850908,174
MM-A-LESTRELLA,-75.5880069,6.1847915,175
MM-A-LESTRELLA,-75.5883019,6.1845455,176
MM-A-LESTRELLA,-75.5885534,6.1842888,177
MM-A-LESTRELLA,-75.5888571,6.1839655,178
MM-A-LESTRELLA,-75.5889953,6.1838055,179
MM-A-LESTRELLA,-75.5893439,6.1834002,180
MM-A-LESTRELLA,-75.5896054,6.1830371,181
MM-A-LESTRELLA,-75.5903156,6.1819482,182
MM-A-LESTRELLA,-75.5907581,6.1812549,183
MM-A-LESTRELLA,-75.5919169,6.1794243,184
MM-A-LESTRELLA,-75.5924922,6.1785736,185
MM-A-LESTRELLA,-75.5927658,6.1782156,186
MM-A-LESTRELLA,-75.5930528,6.1779096,187
MM-A-LESTRELLA,-75.5936147,6.177321,188
MM-A-LESTRELLA,-75.5942021,6.176767,189
MM-A-LESTRELLA,-75.5948324,6.1762842,190
MM-A-LESTRELLA,-75.5962614,6.1753149,191
MM-A-LESTRELLA,-75.5970767,6.174725,192
MM-A-LESTRELLA,-75.5979042,6.1741264,193
MM-A-LESTRELLA,-75.5981865,6.1739216,194
MM-A-LESTRELLA,-75.5987325,6.1734961,195
MM-A-LESTRELLA,-75.6003376,6.1723442,196
MM-A-LESTRELLA,-75.6011456,6.1717816,197
MM-A-LESTRELLA,-75.6014172,6.1715542,198
MM-A-LESTRELLA,-75.6016834,6.1713036,199
MM-A-LESTRELLA,-75.6019262,6.1710542,200
MM-A-LESTRELLA,-75.6021427,6.1707662,201
MM-A-LESTRELLA,-75.602297,6.1704982,202
MM-A-LESTRELLA,-75.6024512,6.1701822,203
MM-A-LESTRELLA,-75.6025739,6.1698156,204
MM-A-LESTRELLA,-75.6026933,6.1693562,205
MM-A-LESTRELLA,-75.6034805,6.1658322,206
MM-A-LESTRELLA,-75.6036039,6.1653328,207
MM-A-LESTRELLA,-75.603732,6.1649482,208
MM-A-LESTRELLA,-75.6038969,6.1646528,209
MM-A-LESTRELLA,-75.6040498,6.1644295,210
MM-A-LESTRELLA,-75.6042268,6.1642228,211
MM-A-LESTRELLA,-75.6043978,6.1640602,212
MM-A-LESTRELLA,-75.6046239,6.1638781,213
MM-A-LESTRELLA,-75.604844,6.1637332,214
MM-A-LESTRELLA,-75.6050668,6.1636087,215
MM-A-LESTRELLA,-75.6054244,6.163457,216
MM-A-LESTRELLA,-75.6067228,6.1629875,217
MM-A-LESTRELLA,-75.6073456,6.1627624,218
MM-A-LESTRELLA,-75.6079178,6.1625436,219
MM-A-LESTRELLA,-75.6089443,6.1621643,220
MM-A-LESTRELLA,-75.6092805,6.1620314,221
MM-A-LESTRELLA,-75.6096065,6.1618793,222
MM-A-LESTRELLA,-75.6101397,6.1615507,223
MM-A-LESTRELLA,-75.6103939,6.1613719,224
MM-A-LESTRELLA,-75.6114635,6.1604617,225
MM-A-LESTRELLA,-75.6119126,6.1601347,226
MM-A-LESTRELLA,-75.6122676,6.1599057,227
MM-A-LESTRELLA,-75.6125454,6.1597342,228
MM-A-LESTRELLA,-75.6154372,6.1581688,229
MM-A-LESTRELLA,-75.6160568,6.1578202,230
MM-A-LESTRELLA,-75.6175704,6.1569688,231
MM-A-LESTRELLA,-75.6185373,6.1565453,232
MM-A-LESTRELLA,-75.6196152,6.1562489,233
MM-A-LESTRELLA,-75.6206739,6.1560019,234
MM-A-LESTRELLA,-75.6214848,6.1556678,235
MM-A-LESTRELLA,-75.6217124,6.1555323,236
MM-A-LESTRELLA,-75.6230292,6.1547057,237
MM-A-LESTRELLA,-75.6245069,6.1538339,238
MM-A-LESTRELLA,-75.6248832,6.1536116,239
MM-A-LESTRELLA,-75.6264518,6.1526796,240
MM-A-LESTRELLA,-75.6269672,6.1523734,241
MM-A-LESTRELLA,-75.6259993,6.1529065,242
MM-A-LESTRELLA,-75.6269277,6.1523521,243
MM-T-A-ORIENTE,-75.5692598,6.2470455,0
MM-T-A-ORIENTE,-75.5691288,6.2470002,1
MM-T-A-ORIENTE,-75.5690138,6.2469622,2
MM-T-A-ORIENTE,-75.5689911,6.2469574,3
MM-T-A-ORIENTE,-75.5689284,6.2469534,4
MM-T-A-ORIENTE,-75.5688947,6.2469492,5
MM-T-A-ORIENTE,-75.5686565,6.2468643,6
MM-T-A-ORIENTE,-75.568314,6.2467423,7
MM-T-A-ORIENTE,-75.5682871,6.2467386,8
MM-T-A-ORIENTE,-75.5682623,6.2467422,9
MM-T-A-ORIENTE,-75.5682404,6.2467518,10
MM-T-A-ORIENTE,-75.568237,6.2467539,11
MM-T-A-ORIENTE,-75.5682123,6.2467781,12
MM-T-A-ORIENTE,-75.5676984,6.2475302,13
MM-T-A-ORIENTE,-75.5672824,6.2481757,14
MM-T-A-ORIENTE,-75.5672723,6.2481933,15
MM-T-A-ORIENTE,-75.5672609,6.2481993,16
MM-T-A-ORIENTE,-75.5672462,6.2482067,17
MM-T-A-ORIENTE,-75.567216,6.24821,18
MM-T-A-ORIENTE,-75.5671892,6.248206,19
MM-T-A-ORIENTE,-75.5669306,6.2480786,20
MM-T-A-ORIENTE,-75.5663968,6.2478155,21
MM-T-A-ORIENTE,-75.5658761,6.2475624,22
MM-T-A-ORIENTE,-75.5657272,6.2474857,23
MM-T-A-ORIENTE,-75.5655007,6.2473726,24
MM-T-A-ORIENTE,-75.5648434,6.2470379,25
MM-T-A-ORIENTE,-75.5648108,6.2470197,26
MM-T-A-ORIENTE,-75.5647603,6.2469793,27
MM-T-A-ORIENTE,-75.5633158,6.2462372,28
MM-T-A-ORIENTE,-75.561829,6.2455342,29
MM-T-A-ORIENTE,-75.5615746,6.2454047,30
MM-T-A-ORIENTE,-75.5608777,6.2450522,31
MM-T-A-ORIENTE,-75.5599923,6.244597,32
MM-T-A-ORIENTE,-75.5591471,6.2441485,33
MM-T-A-ORIENTE,-75.5585346,6.2438398,34
MM-T-A-ORIENTE,-75.557774,6.2434565,35
MM-T-A-ORIENTE,-75.5570255,6.2430799,36
MM-T-A-ORIENTE,-75.5562315,6.2426905,37
MM-T-A-ORIENTE,-75.5550201,6.242098,38
MM-T-A-ORIENTE,-75.5540749,6.2415731,39
MM-T-A-ORIENTE,-75.5539084,6.2414813,40
MM-T-A-ORIENTE,-75.55287,6.2409086,41
MM-T-A-ORIENTE,-75.5520451,6.2404319,42
MM-T-A-ORIENTE,-75.5520075,6.2404287,43
MM-T-A-ORIENTE,-75.55199,6.240434,44
MM-T-A-ORIENTE,-75.5519498,6.2404434,45
MM-T-A-ORIENTE,-75.5519283,6.2404807,46
MM-T-A-ORIENTE,-75.5518117,6.240702,47
MM-T-A-ORIENTE,-75.551636,6.2410446,48
MM-T-A-ORIENTE,-75.5513558,6.2416066,49
MM-T-A-ORIENTE,-75.5512815,6.2417628,50
MM-T-A-ORIENTE,-75.5509942,6.2422902,51
MM-T-A-ORIENTE,-75.5509435,6.2423238,52
MM-T-A-ORIENTE,-75.550881,6.2423389,53
MM-T-A-ORIENTE,-75.5507644,6.2423238,54
MM-T-A-ORIENTE,-75.5506782,6.2422768,55
MM-T-A-ORIENTE,-75.5503369,6.2420601,56
MM-T-A-ORIENTE,-75.5496644,6.2417208,57
MM-T-A-ORIENTE,-75.5492323,6.241493,58
MM-T-A-ORIENTE,-75.5490885,6.2414331,59
MM-T-A-ORIENTE,-75.5481146,6.2410274,60
MM-T-A-ORIENTE,-75.5474492,6.2406299,61
MM-T-A-ORIENTE,-75.5470426,6.2402575,62
MM-T-A-ORIENTE,-75.5453906,6.239667,63
MM-T-A-ORIENTE,-75.5452607,6.2394427,64
MM-T-A-ORIENTE,-75.5452415,6.2392427,65
MM-T-A-ORIENTE,-75.5452051,6.2389521,66
MM-T-A-ORIENTE,-75.5446054,6.2378389,67
MM-T-A-ORIENTE,-75.5441117,6.2369131,68
MM-T-A-ORIENTE,-75.5436646,6.236586,69
MM-T-A-ORIENTE,-75.5432856,6.2363567,70
MM-T-A-ORIENTE,-75.5423166,6.2358396,71
MM-T-A-ORIENTE,-75.5422893,6.2358247,72
MM-T-A-ORIENTE,-75.542262,6.2358179,73
MM-T-A-ORIENTE,-75.5418506,6.2357595,74
MM-T-A-ORIENTE,-75.5418384,6.2357577,75
MM-T-A-ORIENTE,-75.5418247,6.2357533,76
MM-T-A-ORIENTE,-75.5418133,6.2357459,77
MM-T-A-ORIENTE,-75.5418019,6.2357349,78
MM-T-A-ORIENTE,-75.5416348,6.2355517,79
MM-T-A-ORIENTE,-75.5416282,6.2355443,80
MM-T-A-ORIENTE,-75.5416233,6.2355351,81
MM-T-A-ORIENTE,-75.5415579,6.2353901,82
MM-T-A-ORIENTE,-75.5415026,6.2352675,83
MM-T-A-ORIENTE,-75.5414667,6.2351664,84
MM-T-A-ORIENTE,-75.5414655,6.2351485,85
MM-T-A-ORIENTE,-75.5414684,6.2351307,86
MM-T-A-ORIENTE,-75.5414746,6.2351173,87
MM-T-A-ORIENTE,-75.5417333,6.2348023,88
MM-T-A-ORIENTE,-75.5419231,6.2345791,89
MM-T-A-ORIENTE,-75.5419309,6.2345664,90
MM-T-A-ORIENTE,-75.5419359,6.2345527,91
MM-T-A-ORIENTE,-75.5419372,6.2345409,92
MM-T-A-ORIENTE,-75.5419371,6.2345275,93
MM-T-A-ORIENTE,-75.5419326,6.2345175,94
MM-T-A-ORIENTE,-75.5419253,6.2345069,95
MM-T-A-ORIENTE,-75.5418641,6.2344528,96
MM-T-A-ORIENTE,-75.5413561,6.234059,97
MM-T-A-ORIENTE,-75.540092,6.233104,98
MM-T-A-ORIENTE,-75.5400079,6.2330397,99
MM-T-A-SANTONIO,-75.5692392,6.2471029,0
MM-T-A-SANTONIO,-75.5691119,6.2470588,1
MM-T-A-SANTONIO,-75.5689952,6.2470183,2
MM-T-A-SANTONIO,-75.5689659,6.2470066,3
MM-T-A-SANTONIO,-75.568921,6.2469826,4
MM-T-A-SANTONIO,-75.5688898,6.2469676,5
MM-T-A-SANTONIO,-75.5683106,6.2467609,6
MM-T-A-SANTONIO,-75.5682884,6.2467573,7
MM-T-A-SANTONIO,-75.5682661,6.2467603,8
MM-T-A-SANTONIO,-75.5682598,6.2467624,9
MM-T-A-SANTONIO,-75.5682444,6.2467703,10
MM-T-A-SANTONIO,-75.5682194,6.2467968,11
MM-T-A-SANTONIO,-75.5677187,6.2475407,12
MM-T-A-SANTONIO,-75.5672991,6.2481899,13
MM-T-A-SANTONIO,-75.5672857,6.248208,14
MM-T-A-SANTONIO,-75.5672678,6.2482199,15
MM-T-A-SANTONIO,-75.5672435,6.2482286,16
MM-T-A-SANTONIO,-75.567223,6.2482311,17
MM-T-A-SANTONIO,-75.5671982,6.2482264,18
MM-T-A-SANTONIO,-75.567181,6.2482193,19
MM-T-A-SANTONIO,-75.5669234,6.2480917,20
MM-T-A-SANTONIO,-75.5663907,6.2478279,21
MM-T-A-SANTONIO,-75.5658684,6.2475726,22
MM-T-A-SANTONIO,-75.5657192,6.2474954,23
MM-T-A-SANTONIO,-75.5655007,6.2473878,24
MM-T-A-SANTONIO,-75.5648354,6.2470532,25
MM-T-A-SANTONIO,-75.5648005,6.2470342,26
MM-T-A-SANTONIO,-75.5647525,6.2469903,27
MM-T-A-SANTONIO,-75.5633082,6.2462531,28
MM-T-A-SANTONIO,-75.561822,6.2455464,29
MM-T-A-SANTONIO,-75.5615691,6.245417,30
MM-T-A-SANTONIO,-75.5608922,6.2450752,31
MM-T-A-SANTONIO,-75.5600025,6.2446156,32
MM-T-A-SANTONIO,-75.5585258,6.243856,33
MM-T-A-SANTONIO,-75.5577725,6.2434686,34
MM-T-A-SANTONIO,-75.5550294,6.2421311,35
MM-T-A-SANTONIO,-75.5538925,6.2415018,36
MM-T-A-SANTONIO,-75.5528579,6.2409291,37
MM-T-A-SANTONIO,-75.5520584,6.2404714,38
MM-T-A-SANTONIO,-75.5520249,6.2404567,39
MM-T-A-SANTONIO,-75.5520034,6.2404594,40
MM-T-A-SANTONIO,-75.551982,6.240474,41
MM-T-A-SANTONIO,-75.5519538,6.2405087,42
MM-T-A-SANTONIO,-75.5516682,6.2410566,43
MM-T-A-SANTONIO,-75.5513254,6.2417679,44
MM-T-A-SANTONIO,-75.5510229,6.2423238,45
MM-T-A-SANTONIO,-75.5509638,6.2423675,46
MM-T-A-SANTONIO,-75.5509013,6.2423893,47
MM-T-A-SANTONIO,-75.5508303,6.2423826,48
MM-T-A-SANTONIO,-75.5507594,6.2423675,49
MM-T-A-SANTONIO,-75.5506563,6.2423154,50
MM-T-A-SANTONIO,-75.5505955,6.2422835,51
MM-T-A-SANTONIO,-75.5503167,6.2420954,52
MM-T-A-SANTONIO,-75.5496475,6.2417595,53
MM-T-A-SANTONIO,-75.5492217,6.2415416,54
MM-T-A-SANTONIO,-75.5490676,6.2414785,55
MM-T-A-SANTONIO,-75.5480891,6.2410782,56
MM-T-A-SANTONIO,-75.5474279,6.2406807,57
MM-T-A-SANTONIO,-75.5470042,6.2402998,58
MM-T-A-SANTONIO,-75.5453501,6.2397157,59
MM-T-A-SANTONIO,-75.5452032,6.2394512,60
MM-T-A-SANTONIO,-75.5451859,6.2392449,61
MM-T-A-SANTONIO,-75.5451628,6.2389687,62
MM-T-A-SANTONIO,-75.5445752,6.2378746,63
MM-T-A-SANTONIO,-75.5440838,6.2369533,64
MM-T-A-SANTONIO,-75.5436206,6.2366031,65
MM-T-A-SANTONIO,-75.5433865,6.2364623,66
MM-T-A-SANTONIO,-75.5431523,6.236332,67
MM-T-A-SANTONIO,-75.5423006,6.2358748,68
MM-T-A-SANTONIO,-75.5422704,6.2358596,69
MM-T-A-SANTONIO,-75.5422432,6.2358513,70
MM-T-A-SANTONIO,-75.5421288,6.2358299,71
MM-T-A-SANTONIO,-75.5419923,6.2358067,72
MM-T-A-SANTONIO,-75.5419482,6.2358005,73
MM-T-A-SANTONIO,-75.5418352,6.2357899,74
MM-T-A-SANTONIO,-75.5418269,6.2357869,75
MM-T-A-SANTONIO,-75.5418168,6.2357843,76
MM-T-A-SANTONIO,-75.5418075,6.23578,77
MM-T-A-SANTONIO,-75.5417974,6.2357726,78
MM-T-A-SANTONIO,-75.5416181,6.2355721,79
MM-T-A-SANTONIO,-75.5416087,6.2355611,80
MM-T-A-SANTONIO,-75.5416015,6.235549,81
MM-T-A-SANTONIO,-75.5415336,6.2354,82
MM-T-A-SANTONIO,-75.5414879,6.2352998,83
MM-T-A-SANTONIO,-75.5414397,6.2351672,84
MM-T-A-SANTONIO,-75.5414378,6.2351544,85
MM-T-A-SANTONIO,-75.5414382,6.2351416,86
MM-T-A-SANTONIO,-75.5414392,6.2351294,87
MM-T-A-SANTONIO,-75.5414449,6.2351172,88
MM-T-A-SANTONIO,-75.5414754,6.235074,89
MM-T-A-SANTONIO,-75.5416775,6.2348211,90
MM-T-A-SANTONIO,-75.5418804,6.2345779,91
MM-T-A-SANTONIO,-75.5418865,6.2345674,92
MM-T-A-SANTONIO,-75.5418913,6.2345563,93
MM-T-A-SANTONIO,-75.5418928,6.2345462,94
MM-T-A-SANTONIO,-75.5418927,6.2345353,95
MM-T-A-SANTONIO,-75.5418884,6.2345247,96
MM-T-A-SANTONIO,-75.5418854,6.2345188,97
MM-T-A-SANTONIO,-75.5418804,6.2345122,98
MM-T-A-SANTONIO,-75.5413523,6.2341165,99
MM-T-A-SANTONIO,-75.5407449,6.2336545,100
MM-T-A-SANTONIO,-75.540133,6.2331935,101
MM-T-A-SANTONIO,-75.5401184,6.2331735,102
MM-1-UMEDELLIN,-75.5566349,6.285192,65
MM-1-UMEDELLIN,-75.5566554,6.2847456,66
MM-1-UMEDELLIN,-75.5566514,6.2846914,67
MM-1-UMEDELLIN,-75.5566374,6.2846343,68
MM-1-UMEDELLIN,-75.5566005,6.284592,69
MM-1-UMEDELLIN,-75.5565549,6.284548,70
MM-1-UMEDELLIN,-75.5564959,6.284528,71
MM-1-UMEDELLIN,-75.5559325,6.2845148,72
MM-1-UMEDELLIN,-75.5556959,6.2845213,73
MM-1-UMEDELLIN,-75.555443,6.2845115,74
MM-1-UMEDELLIN,-75.5548352,6.284478,75
MM-1-UMEDELLIN,-75.5542345,6.2844503,76
MM-1-UMEDELLIN,-75.5537793,6.284424,77
MM-1-UMEDELLIN,-75.5537001,6.2844156,78
MM-1-UMEDELLIN,-75.5536194,6.2843956,79
MM-1-UMEDELLIN,-75.553162,6.2842684,80
MM-1-UMEDELLIN,-75.5530735,6.2842325,81
MM-1-UMEDELLIN,-75.5530051,6.2841911,82
MM-1-UMEDELLIN,-75.5529474,6.2841525,83
MM-1-UMEDELLIN,-75.5529059,6.2841098,84
MM-1-UMEDELLIN,-75.5528723,6.2840712,85
MM-1-UMEDELLIN,-75.5528321,6.2840018,86
MM-1-UMEDELLIN,-75.5528093,6.2839432,87
MM-1-UMEDELLIN,-75.5528001,6.283884,88
MM-1-UMEDELLIN,-75.5528177,6.28379,89
MM-1-UMEDELLIN,-75.5528233,6.2837533,90
MM-1-UMEDELLIN,-75.5529073,6.2832184,91
MM-1-UMEDELLIN,-75.5529416,6.2828881,92
MM-1-UMEDELLIN,-75.5529707,6.2826082,93
MM-1-UMEDELLIN,-75.5529719,6.2825101,94
MM-1-UMEDELLIN,-75.5529647,6.2824428,95
MM-1-UMEDELLIN,-75.5529483,6.2823831,96
MM-1-UMEDELLIN,-75.5528974,6.2822742,97
MM-1-UMEDELLIN,-75.5528075,6.2820955,98
MM-1-UMEDELLIN,-75.5527339,6.2819277,99
MM-1-UMEDELLIN,-75.5525953,6.2816121,100
MM-1-UMEDELLIN,-75.5525784,6.2815597,101
MM-1-UMEDELLIN,-75.5525706,6.2814989,102
MM-1-UMEDELLIN,-75.5525708,6.2814376,103
MM-1-UMEDELLIN,-75.5526353,6.2809762,104
MM-1-UMEDELLIN,-75.5526664,6.2807895,105
MM-1-UMEDELLIN,-75.5527243,6.2804848,106
MM-1-UMEDELLIN,-75.5529094,6.2796283,107
MM-1-UMEDELLIN,-75.5530168,6.2790959,108
MM-1-UMEDELLIN,-75.553107,6.2787877,109
MM-1-UMEDELLIN,-75.553147,6.2786406,110
MM-1-UMEDELLIN,-75.5531936,6.2783949,111
MM-1-UMEDELLIN,-75.5532363,6.2781698,112
MM-1-UMEDELLIN,-75.5532718,6.2777857,113
MM-1-UMEDELLIN,-75.5532643,6.2777133,114
MM-1-UMEDELLIN,-75.5533708,6.2770687,115
MM-1-UMEDELLIN,-75.5535099,6.2762257,116
MM-1-UMEDELLIN,-75.5536552,6.2753635,117
MM-1-UMEDELLIN,-75.5537105,6.2750351,118
MM-1-UMEDELLIN,-75.5538106,6.2745046,119
MM-1-UMEDELLIN,-75.5539139,6.274,120
MM-1-UMEDELLIN,-75.5540003,6.2736581,121
MM-1-UMEDELLIN,-75.5540712,6.2732311,122
MM-1-UMEDELLIN,-75.5541283,6.2728779,123
MM-1-UMEDELLIN,-75.5541198,6.2727998,124
MM-1-UMEDELLIN,-75.5542752,6.2719526,125
MM-1-UMEDELLIN,-75.5544354,6.2710876,126
MM-1-UMEDELLIN,-75.554605,6.2701118,127
MM-1-UMEDELLIN,-75.554743,6.2692633,128
MM-1-UMEDELLIN,-75.5548852,6.2684032,129
MM-1-UMEDELLIN,-75.5549217,6.2682165,130
MM-1-UMEDELLIN,-75.5549647,6.268088,131
MM-1-UMEDELLIN,-75.554986,6.2679127,132
MM-1-UMEDELLIN,-75.5550082,6.2676823,133
MM-1-UMEDELLIN,-75.5550352,6.2674006,134
MM-1-UMEDELLIN,-75.5550497,6.2671431,135
MM-1-UMEDELLIN,-75.5550701,6.2669172,136
MM-1-UMEDELLIN,-75.5550605,6.2668518,137
MM-1-UMEDELLIN,-75.5551097,6.2663655,138
MM-1-UMEDELLIN,-75.5551813,6.2657871,139
MM-1-UMEDELLIN,-75.5552539,6.2652106,140
MM-1-UMEDELLIN,-75.5553457,6.2643491,141
MM-1-UMEDELLIN,-75.5554467,6.263731,142
MM-1-UMEDELLIN,-75.5555133,6.2631509,143
MM-1-UMEDELLIN,-75.5555448,6.2630876,144
MM-1-UMEDELLIN,-75.5555976,6.2628948,145
MM-1-UMEDELLIN,-75.5556301,6.2628118,146
MM-1-UMEDELLIN,-75.5557279,6.2625732,147
MM-1-UMEDELLIN,-75.5557522,6.2625186,148
MM-1-UMEDELLIN,-75.555905,6.2621193,149
MM-1-UMEDELLIN,-75.5560414,6.2617629,150
MM-1-UMEDELLIN,-75.5560771,6.2617061,151
MM-1-UMEDELLIN,-75.5561226,6.261668,152
MM-1-UMEDELLIN,-75.5561574,6.261645,153
MM-1-UMEDELLIN,-75.556202,6.261629,154
MM-1-UMEDELLIN,-75.5562635,6.2616272,155
MM-1-UMEDELLIN,-75.5563254,6.2616384,156
MM-1-UMEDELLIN,-75.5564395,6.2616992,157
MM-1-UMEDELLIN,-75.5566127,6.261855,158
MM-1-UMEDELLIN,-75.5566613,6.2619074,159
MM-1-UMEDELLIN,-75.556701,6.261963,160
MM-1-UMEDELLIN,-75.5567318,6.2620181,161
MM-1-UMEDELLIN,-75.556765,6.2621031,162
MM-1-UMEDELLIN,-75.5568242,6.2623455,163
MM-1-UMEDELLIN,-75.5568741,6.2624803,164
MM-1-UMEDELLIN,-75.5569428,6.2626033,165
MM-1-UMEDELLIN,-75.5570208,6.2627081,166
MM-1-UMEDELLIN,-75.5571193,6.2628117,167
MM-1-UMEDELLIN,-75.5572442,6.2629017,168
MM-1-UMEDELLIN,-75.5573611,6.2629553,169
MM-1-UMEDELLIN,-75.557478,6.2629906,170
MM-1-UMEDELLIN,-75.557808,6.2630475,171
MM-1-UMEDELLIN,-75.5586926,6.263232,172
MM-1-UMEDELLIN,-75.559276,6.2633261,173
MM-1-UMEDELLIN,-75.5596742,6.2634043,174
MM-1-UMEDELLIN,-75.5597493,6.2634181,175
MM-1-UMEDELLIN,-75.5598051,6.2634284,176
MM-1-UMEDELLIN,-75.559898,6.2634502,177
MM-1-UMEDELLIN,-75.5601606,6.2634943,178
MM-1-UMEDELLIN,-75.5604093,6.263536,179
MM-1-UMEDELLIN,-75.5604635,6.2635434,180
MM-1-UMEDELLIN,-75.5605331,6.2635508,181
MM-1-UMEDELLIN,-75.5608998,6.2636151,182
MM-1-UMEDELLIN,-75.5610187,6.2636217,183
MM-1-UMEDELLIN,-75.5614565,6.263707,184
MM-1-UMEDELLIN,-75.5617473,6.2637637,185
MM-1-UMEDELLIN,-75.5618512,6.263795,186
MM-1-UMEDELLIN,-75.5621961,6.2638468,187
MM-1-UMEDELLIN,-75.5623596,6.2638731,188
MM-1-UMEDELLIN,-75.5624237,6.2638903,189
MM-1-UMEDELLIN,-75.5625671,6.2639137,190
MM-1-UMEDELLIN,-75.5631161,6.2639786,191
MM-1-UMEDELLIN,-75.5637418,6.2640481,192
MM-1-UMEDELLIN,-75.5638576,6.2640318,193
MM-1-UMEDELLIN,-75.5640784,6.2640015,194
MM-1-UMEDELLIN,-75.5642357,6.2639956,195
MM-1-UMEDELLIN,-75.5643734,6.2639932,196
MM-1-UMEDELLIN,-75.5662847,6.2642975,197
MM-1-UMEDELLIN,-75.5663675,6.2643115,198
MM-1-UMEDELLIN,-75.5664034,6.2643175,199
MM-1-UMEDELLIN,-75.5664729,6.2643292,200
MM-1-UMEDELLIN,-75.5673269,6.2644609,201
MM-1-UMEDELLIN,-75.56742,6.2644721,202
MM-1-UMEDELLIN,-75.5674756,6.2644699,203
MM-1-UMEDELLIN,-75.567519,6.2644485,204
MM-1-UMEDELLIN,-75.5675419,6.2644156,205
MM-1-UMEDELLIN,-75.5675965,6.2643485,206
MM-1-UMEDELLIN,-75.5676822,6.2638433,207
MM-1-UMEDELLIN,-75.5677162,6.2636684,208
MM-1-UMEDELLIN,-75.5677295,6.2636059,209
MM-1-UMEDELLIN,-75.5677618,6.2635088,210
MM-1-UMEDELLIN,-75.5678922,6.2632087,211
MM-1-UMEDELLIN,-75.5679311,6.2630958,212
MM-1-UMEDELLIN,-75.5679413,6.2630661,213
MM-1-UMEDELLIN,-75.567942,6.263022,214
MM-1-UMEDELLIN,-75.5679784,6.262957,215
MM-1-UMEDELLIN,-75.5686145,6.2617879,216
MM-1-UMEDELLIN,-75.568856,6.2612989,217
MM-1-UMEDELLIN,-75.5689234,6.2612299,218
MM-1-UMEDELLIN,-75.5690733,6.2609716,219
MM-1-UMEDELLIN,-75.5691878,6.2607583,220
MM-1-UMEDELLIN,-75.5692883,6.2605711,221
MM-1-UMEDELLIN,-75.5694087,6.2603134,222
MM-1-UMEDELLIN,-75.569421,6.2602261,223
MM-1-UMEDELLIN,-75.5694666,6.26014,224
MM-1-UMEDELLIN,-75.5698934,6.259332,225
MM-1-UMEDELLIN,-75.5699829,6.2591747,226
MM-1-UMEDELLIN,-75.5700854,6.2590155,227
MM-1-UMEDELLIN,-75.5702217,6.2588543,228
MM-1-UMEDELLIN,-75.5703948,6.2586743,229
MM-1-UMEDELLIN,-75.5704679,6.2586029,230
MM-1-UMEDELLIN,-75.5706416,6.2584331,231
MM-1-UMEDELLIN,-75.5706934,6.2583821,232
MM-1-UMEDELLIN,-75.5707803,6.2583584,233
MM-1-UMEDELLIN,-75.5708355,6.2583581,234
MM-1-UMEDELLIN,-75.5709374,6.2583825,235
MM-1-UMEDELLIN,-75.5710816,6.2584386,236
MM-1-UMEDELLIN,-75.5711559,6.2584608,237
MM-1-UMEDELLIN,-75.5712376,6.2584689,238
MM-1-UMEDELLIN,-75.5713135,6.2584704,239
MM-1-UMEDELLIN,-75.5713833,6.2584527,240
MM-1-UMEDELLIN,-75.5714465,6.2584253,241
MM-1-UMEDELLIN,-75.571506,6.2583854,242
MM-1-UMEDELLIN,-75.5716458,6.2582595,243
MM-1-UMEDELLIN,-75.5718035,6.2581175,244
MM-1-UMEDELLIN,-75.5718977,6.2580327,245
MM-1-UMEDELLIN,-75.5719794,6.2579307,246
MM-1-UMEDELLIN,-75.5720389,6.2578258,247
MM-1-UMEDELLIN,-75.572088,6.2577032,248
MM-1-UMEDELLIN,-75.5721479,6.2574754,249
MM-1-UMEDELLIN,-75.5721638,6.257415,250
MM-1-UMEDELLIN,-75.5722069,6.2572821,251
MM-1-UMEDELLIN,-75.5722634,6.2571683,252
MM-1-UMEDELLIN,-75.5723406,6.2570663,253
MM-1-UMEDELLIN,-75.5731924,6.2561823,254
MM-1-UMEDELLIN,-75.5736396,6.2557239,255
MM-1-UMEDELLIN,-75.5743227,6.2550021,256
MM-1-UMEDELLIN,-75.5745869,6.2547165,257
MM-1-UMEDELLIN,-75.5746878,6.2545805,258
MM-1-UMEDELLIN,-75.5747574,6.2544612,259
MM-1-UMEDELLIN,-75.5748044,6.2543642,260
MM-1-UMEDELLIN,-75.5748515,6.2542528,261
MM-1-UMEDELLIN,-75.5748942,6.2540923,262
MM-1-UMEDELLIN,-75.5749054,6.2539841,263
MM-1-UMEDELLIN,-75.5749481,6.25337,264
MM-1-UMEDELLIN,-75.5749858,6.2527321,265
MM-1-UMEDELLIN,-75.5750407,6.2519136,266
MM-1-UMEDELLIN,-75.5751012,6.2513576,267
MM-1-UMEDELLIN,-75.5751291,6.2507053,268
MM-1-UMEDELLIN,-75.5751454,6.2501429,269
MM-1-UMEDELLIN,-75.5751691,6.2491975,270
MM-1-UMEDELLIN,-75.5751877,6.2485286,271
MM-1-UMEDELLIN,-75.5752207,6.2476212,272
MM-1-UMEDELLIN,-75.5752961,6.2450551,273
MM-1-UMEDELLIN,-75.5753377,6.2443623,274
MM-1-UMEDELLIN,-75.575373,6.2441107,275
MM-1-UMEDELLIN,-75.5753931,6.2436934,276
MM-1-UMEDELLIN,-75.5754147,6.2432458,277
MM-1-UMEDELLIN,-75.5754313,6.2429446,278
MM-1-UMEDELLIN,-75.5754356,6.2425566,279
MM-1-UMEDELLIN,-75.5754345,6.2421547,280
MM-1-UMEDELLIN,-75.5754465,6.241245,281
MM-1-UMEDELLIN,-75.5754356,6.2409051,282
MM-1-UMEDELLIN,-75.5754322,6.2405371,283
MM-1-UMEDELLIN,-75.5754903,6.240298,284
MM-1-UMEDELLIN,-75.575506,6.2399996,285
MM-1-UMEDELLIN,-75.5755363,6.2397718,286
MM-1-UMEDELLIN,-75.5756889,6.2390622,287
MM-1-UMEDELLIN,-75.5758255,6.2385216,288
MM-1-UMEDELLIN,-75.5760466,6.237782,289
MM-1-UMEDELLIN,-75.5761226,6.2375458,290
MM-1-UMEDELLIN,-75.576256,6.2372991,291
MM-1-UMEDELLIN,-75.5764587,6.2369902,292
MM-1-UMEDELLIN,-75.5766894,6.2366431,293
MM-1-UMEDELLIN,-75.5769488,6.2362044,294
MM-1-UMEDELLIN,-75.5770218,6.235826,295
MM-1-UMEDELLIN,-75.5770434,6.2357528,296
MM-1-UMEDELLIN,-75.577214,6.2350377,297
MM-1-UMEDELLIN,-75.5772534,6.2348468,298
MM-1-UMEDELLIN,-75.5772452,6.2347977,299
MM-1-UMEDELLIN,-75.5772183,6.2347397,300
MM-1-UMEDELLIN,-75.5771697,6.234688,301
MM-1-UMEDELLIN,-75.5771142,6.2346437,302
MM-1-UMEDELLIN,-75.5770151,6.2346074,303
MM-1-UMEDELLIN,-75.5766391,6.2345282,304
MM-1-UMEDELLIN,-75.5765406,6.2344868,305
MM-1-UMEDELLIN,-75.5764648,6.234444,306
MM-1-UMEDELLIN,-75.5763853,6.234366,307
MM-1-UMEDELLIN,-75.5763475,6.2343043,308
MM-1-UMEDELLIN,-75.5763164,6.2342121,309
MM-1-UMEDELLIN,-75.5762943,6.2341009,310
MM-1-UMEDELLIN,-75.5763216,6.2338784,311
MM-1-UMEDELLIN,-75.576416,6.2335867,312
MM-1-UMEDELLIN,-75.576674,6.2326319,313
MM-1-UMEDELLIN,-75.5767207,6.2324387,314
MM-1-UMEDELLIN,-75.5767356,6.2322468,315
MM-1-UMEDELLIN,-75.5767211,6.2320691,316
MM-1-UMEDELLIN,-75.5766649,6.2318227,317
MM-1-UMEDELLIN,-75.5766424,6.2316218,318
MM-1-UMEDELLIN,-75.5772448,6.2318397,319
MM-1-UMEDELLIN,-75.5773604,6.2318869,320
MM-1-UMEDELLIN,-75.5774756,6.2319284,321
MM-1-UMEDELLIN,-75.5776917,6.2319433,322
MM-1-UMEDELLIN,-75.577852,6.2319459,323
MM-1-UMEDELLIN,-75.5781594,6.23193,324
MM-1-UMEDELLIN,-75.578254,6.2319215,325
MM-1-UMEDELLIN,-75.5783496,6.2319079,326
MM-1-UMEDELLIN,-75.5786575,6.2318658,327
MM-1-UMEDELLIN,-75.5787658,6.2318546,328
MM-1-UMEDELLIN,-75.5798024,6.2318334,329
MM-1-UMEDELLIN,-75.5799937,6.2318512,330
MM-1-UMEDELLIN,-75.5800624,6.2318597,331
MM-1-UMEDELLIN,-75.5801482,6.2318768,332
MM-1-UMEDELLIN,-75.5804123,6.2319279,333
MM-1-UMEDELLIN,-75.5804766,6.2319391,334
MM-1-UMEDELLIN,-75.5805316,6.2319439,335
MM-1-UMEDELLIN,-75.5805955,6.2319456,336
MM-1-UMEDELLIN,-75.5809913,6.2319252,337
MM-1-UMEDELLIN,-75.5820824,6.2318961,338
MM-1-UMEDELLIN,-75.5826048,6.2318804,339
MM-1-UMEDELLIN,-75.5865422,6.231762,340
MM-1-UMEDELLIN,-75.5871847,6.2317658,341
MM-1-UMEDELLIN,-75.5872756,6.2317663,342
MM-1-UMEDELLIN,-75.5888316,6.2317229,343
MM-1-UMEDELLIN,-75.5892342,6.2317019,344
MM-1-UMEDELLIN,-75.5897646,6.2316347,345
MM-1-UMEDELLIN,-75.5901047,6.2316138,346
MM-1-UMEDELLIN,-75.5909622,6.2315966,347
MM-1-UMEDELLIN,-75.5913358,6.2315867,348
MM-1-UMEDELLIN,-75.5914606,6.2315773,349
MM-1-UMEDELLIN,-75.592667,6.2315306,350
MM-1-UMEDELLIN,-75.5961953,6.2314184,351
MM-1-UMEDELLIN,-75.5967484,6.2314008,352
MM-1-UMEDELLIN,-75.5971288,6.2313809,353
MM-1-UMEDELLIN,-75.5981358,6.2313283,354
MM-1-UMEDELLIN,-75.6010609,6.2311754,355
MM-1-UMEDELLIN,-75.6014682,6.2311509,356
MM-1-UMEDELLIN,-75.6016916,6.2311187,357
MM-1-UMEDELLIN,-75.6017981,6.2311158,358
MM-1-UMEDELLIN,-75.6020917,6.2311215,359
MM-1-UMEDELLIN,-75.6023957,6.2311255,360
MM-1-UMEDELLIN,-75.6024966,6.2311451,361
MM-1-UMEDELLIN,-75.6031759,6.2311433,362
MM-1-UMEDELLIN,-75.6040491,6.2311098,363
MM-1-UMEDELLIN,-75.6041172,6.2311111,364
MM-1-UMEDELLIN,-75.6041909,6.2311125,365
MM-1-UMEDELLIN,-75.6046513,6.2311085,366
MM-1-UMEDELLIN,-75.6050526,6.2310957,367
MM-1-UMEDELLIN,-75.6056028,6.2310729,368
MM-1-UMEDELLIN,-75.6056892,6.2310632,369
MM-1-UMEDELLIN,-75.6057753,6.2310496,370
MM-1-UMEDELLIN,-75.6066909,6.2312627,371
MM-1-UMEDELLIN,-75.6067357,6.2312674,372
MM-1-UMEDELLIN,-75.6067802,6.2312652,373
MM-1-UMEDELLIN,-75.6072435,6.2312261,374
MM-1-UMEDELLIN,-75.6075108,6.2312035,375
MM-1-UMEDELLIN,-75.6083149,6.2311346,376
MM-1-UMEDELLIN,-75.608876,6.231096,377
MM-1-UMEDELLIN,-75.6095841,6.2310473,378
MM-1-UMEDELLIN,-75.6096477,6.231043,379
MM-1-UMEDELLIN,-75.6095841,6.2310473,380
MM-1-UMEDELLIN,-75.6095777,6.2309771,381
MM-1-UMEDELLIN,-75.6095512,6.2306901,382
MM-1-UMEDELLIN,-75.6095424,6.2306661,383
MM-1-UMEDELLIN,-75.6095288,6.2306435,384
MM-1-UMEDELLIN,-75.6095118,6.2306244,385
MM-1-UMEDELLIN,-75.6094794,6.2306019,386
MM-1-UMEDELLIN,-75.6094499,6.2305911,387
MM-1-UMEDELLIN,-75.6094006,6.2305843,388
MM-1-UMEDELLIN,-75.6091308,6.2306032,389
MM-1-PARANJUEZ,-75.6097997,6.2310326,0
MM-1-PARANJUEZ,-75.6096477,6.231043,1
MM-1-PARANJUEZ,-75.6095841,6.2310473,2
MM-1-PARANJUEZ,-75.608876,6.231096,3
MM-1-PARANJUEZ,-75.6083149,6.2311346,4
MM-1-PARANJUEZ,-75.6075108,6.2312035,5
MM-1-PARANJUEZ,-75.6072435,6.2312261,6
MM-1-PARANJUEZ,-75.6067802,6.2312652,7
MM-1-PARANJUEZ,-75.6067357,6.2312674,8
MM-1-PARANJUEZ,-75.6066909,6.2312627,9
MM-1-PARANJUEZ,-75.6057753,6.2310496,10
MM-1-PARANJUEZ,-75.6057201,6.2310254,11
MM-1-PARANJUEZ,-75.6056739,6.2310174,12
MM-1-PARANJUEZ,-75.6055939,6.23101,13
MM-1-PARANJUEZ,-75.6055255,6.2310084,14
MM-1-PARANJUEZ,-75.6050649,6.2310277,15
MM-1-PARANJUEZ,-75.6046483,6.2310405,16
MM-1-PARANJUEZ,-75.6041895,6.2310541,17
MM-1-PARANJUEZ,-75.6041147,6.2310597,18
MM-1-PARANJUEZ,-75.6040486,6.2310646,19
MM-1-PARANJUEZ,-75.6031794,6.2310998,20
MM-1-PARANJUEZ,-75.6025071,6.2311062,21
MM-1-PARANJUEZ,-75.6023957,6.2311255,22
MM-1-PARANJUEZ,-75.6020917,6.2311215,23
MM-1-PARANJUEZ,-75.6017981,6.2311158,24
MM-1-PARANJUEZ,-75.6016916,6.2311187,25
MM-1-PARANJUEZ,-75.6014653,6.2310867,26
MM-1-PARANJUEZ,-75.6010582,6.231104,27
MM-1-PARANJUEZ,-75.5981339,6.2312797,28
MM-1-PARANJUEZ,-75.597126,6.2313177,29
MM-1-PARANJUEZ,-75.5967457,6.2313321,30
MM-1-PARANJUEZ,-75.5961908,6.2313588,31
MM-1-PARANJUEZ,-75.5926656,6.2314755,32
MM-1-PARANJUEZ,-75.5914583,6.2315141,33
MM-1-PARANJUEZ,-75.5913357,6.231518,34
MM-1-PARANJUEZ,-75.590964,6.2315299,35
MM-1-PARANJUEZ,-75.5901711,6.2315555,36
MM-1-PARANJUEZ,-75.5899944,6.2315476,37
MM-1-PARANJUEZ,-75.5896221,6.2315043,38
MM-1-PARANJUEZ,-75.587391,6.231566,39
MM-1-PARANJUEZ,-75.5872752,6.2315707,40
MM-1-PARANJUEZ,-75.5871802,6.2315746,41
MM-1-PARANJUEZ,-75.5865528,6.2316,42
MM-1-PARANJUEZ,-75.5829193,6.2316683,43
MM-1-PARANJUEZ,-75.5825988,6.2316838,44
MM-1-PARANJUEZ,-75.5820643,6.2317096,45
MM-1-PARANJUEZ,-75.5809866,6.2317183,46
MM-1-PARANJUEZ,-75.5805745,6.2317443,47
MM-1-PARANJUEZ,-75.5798272,6.2317786,48
MM-1-PARANJUEZ,-75.5787485,6.2318058,49
MM-1-PARANJUEZ,-75.5786488,6.2318169,50
MM-1-PARANJUEZ,-75.5783463,6.2318661,51
MM-1-PARANJUEZ,-75.5782477,6.2318797,52
MM-1-PARANJUEZ,-75.5781428,6.2318907,53
MM-1-PARANJUEZ,-75.5777945,6.2319011,54
MM-1-PARANJUEZ,-75.5776877,6.2318976,55
MM-1-PARANJUEZ,-75.5774716,6.2318837,56
MM-1-PARANJUEZ,-75.5773566,6.2318608,57
MM-1-PARANJUEZ,-75.5772448,6.2318397,58
MM-1-PARANJUEZ,-75.5766424,6.2316218,59
MM-1-PARANJUEZ,-75.5766649,6.2318227,60
MM-1-PARANJUEZ,-75.5767211,6.2320691,61
MM-1-PARANJUEZ,-75.5767356,6.2322468,62
MM-1-PARANJUEZ,-75.5767207,6.2324387,63
MM-1-PARANJUEZ,-75.576674,6.2326319,64
MM-1-PARANJUEZ,-75.576416,6.2335867,65
MM-1-PARANJUEZ,-75.5763216,6.2338784,66
MM-1-PARANJUEZ,-75.5762943,6.2341009,67
MM-1-PARANJUEZ,-75.5763164,6.2342121,68
MM-1-PARANJUEZ,-75.5763475,6.2343043,69
MM-1-PARANJUEZ,-75.5763853,6.234366,70
MM-1-PARANJUEZ,-75.5764648,6.234444,71
MM-1-PARANJUEZ,-75.5765406,6.2344868,72
MM-1-PARANJUEZ,-75.5766391,6.2345282,73
MM-1-PARANJUEZ,-75.5770151,6.2346074,74
MM-1-PARANJUEZ,-75.5771142,6.2346437,75
MM-1-PARANJUEZ,-75.5771697,6.234688,76
MM-1-PARANJUEZ,-75.5772183,6.2347397,77
MM-1-PARANJUEZ,-75.5772452,6.2347977,78
MM-1-PARANJUEZ,-75.5772534,6.2348468,79
MM-1-PARANJUEZ,-75.577214,6.2350377,80
MM-1-PARANJUEZ,-75.5770434,6.2357528,81
MM-1-PARANJUEZ,-75.5770218,6.235826,82
MM-1-PARANJUEZ,-75.5769635,6.235938,83
MM-1-PARANJUEZ,-75.5768531,6.2360717,84
MM-1-PARANJUEZ,-75.5766247,6.23649,85
MM-1-PARANJUEZ,-75.5762468,6.2370591,86
MM-1-PARANJUEZ,-75.5760695,6.2373568,87
MM-1-PARANJUEZ,-75.5760003,6.2374938,88
MM-1-PARANJUEZ,-75.5759584,6.2376105,89
MM-1-PARANJUEZ,-75.5758716,6.2378823,90
MM-1-PARANJUEZ,-75.5756947,6.2384523,91
MM-1-PARANJUEZ,-75.5755308,6.2390617,92
MM-1-PARANJUEZ,-75.5754573,6.2394174,93
MM-1-PARANJUEZ,-75.5753821,6.2397723,94
MM-1-PARANJUEZ,-75.5753403,6.2402856,95
MM-1-PARANJUEZ,-75.5753678,6.2405873,96
MM-1-PARANJUEZ,-75.5753693,6.2409004,97
MM-1-PARANJUEZ,-75.5753831,6.2411162,98
MM-1-PARANJUEZ,-75.5753681,6.2422375,99
MM-1-PARANJUEZ,-75.5753625,6.2424761,100
MM-1-PARANJUEZ,-75.5753391,6.2426707,101
MM-1-PARANJUEZ,-75.5753109,6.2429703,102
MM-1-PARANJUEZ,-75.5753035,6.2432459,103
MM-1-PARANJUEZ,-75.5752878,6.2436956,104
MM-1-PARANJUEZ,-75.575271,6.2441788,105
MM-1-PARANJUEZ,-75.575246,6.2450516,106
MM-1-PARANJUEZ,-75.57516,6.2476194,107
MM-1-PARANJUEZ,-75.575107,6.2487518,108
MM-1-PARANJUEZ,-75.5750871,6.249171,109
MM-1-PARANJUEZ,-75.5750428,6.2501189,110
MM-1-PARANJUEZ,-75.5750148,6.250703,111
MM-1-PARANJUEZ,-75.5749882,6.2513441,112
MM-1-PARANJUEZ,-75.5749317,6.2519003,113
MM-1-PARANJUEZ,-75.5748868,6.2526726,114
MM-1-PARANJUEZ,-75.5749007,6.2533705,115
MM-1-PARANJUEZ,-75.5748694,6.2539794,116
MM-1-PARANJUEZ,-75.5748575,6.2540852,117
MM-1-PARANJUEZ,-75.5748311,6.2541946,118
MM-1-PARANJUEZ,-75.5747907,6.2543064,119
MM-1-PARANJUEZ,-75.5747306,6.2544515,120
MM-1-PARANJUEZ,-75.5746613,6.2545668,121
MM-1-PARANJUEZ,-75.5745691,6.2547036,122
MM-1-PARANJUEZ,-75.5743036,6.254983,123
MM-1-PARANJUEZ,-75.5736668,6.2556106,124
MM-1-PARANJUEZ,-75.5735795,6.2556772,125
MM-1-PARANJUEZ,-75.5734244,6.2557955,126
MM-1-PARANJUEZ,-75.5731211,6.2561035,127
MM-1-PARANJUEZ,-75.5725841,6.2566585,128
MM-1-PARANJUEZ,-75.5723237,6.2569285,129
MM-1-PARANJUEZ,-75.5722699,6.2569737,130
MM-1-PARANJUEZ,-75.5721549,6.257028,131
MM-1-PARANJUEZ,-75.5720302,6.2570869,132
MM-1-PARANJUEZ,-75.5718917,6.2571284,133
MM-1-PARANJUEZ,-75.571812,6.2571425,134
MM-1-PARANJUEZ,-75.5716426,6.2571723,135
MM-1-PARANJUEZ,-75.571543,6.2572174,136
MM-1-PARANJUEZ,-75.5714666,6.2572776,137
MM-1-PARANJUEZ,-75.571238,6.2574841,138
MM-1-PARANJUEZ,-75.5710888,6.2576293,139
MM-1-PARANJUEZ,-75.5709132,6.2578017,140
MM-1-PARANJUEZ,-75.5708527,6.2578834,141
MM-1-PARANJUEZ,-75.5708212,6.2579502,142
MM-1-PARANJUEZ,-75.5707992,6.2580508,143
MM-1-PARANJUEZ,-75.570772,6.2581783,144
MM-1-PARANJUEZ,-75.5707471,6.2582625,145
MM-1-PARANJUEZ,-75.5706934,6.2583821,146
MM-1-PARANJUEZ,-75.5706416,6.2584331,147
MM-1-PARANJUEZ,-75.5704679,6.2586029,148
MM-1-PARANJUEZ,-75.5703948,6.2586743,149
MM-1-PARANJUEZ,-75.5702217,6.2588543,150
MM-1-PARANJUEZ,-75.5700854,6.2590155,151
MM-1-PARANJUEZ,-75.5699829,6.2591747,152
MM-1-PARANJUEZ,-75.5698934,6.259332,153
MM-1-PARANJUEZ,-75.5694666,6.26014,154
MM-1-PARANJUEZ,-75.569421,6.2602261,155
MM-1-PARANJUEZ,-75.569355,6.2603005,156
MM-1-PARANJUEZ,-75.5691329,6.2607261,157
MM-1-PARANJUEZ,-75.5688704,6.2612179,158
MM-1-PARANJUEZ,-75.568856,6.2612989,159
MM-1-PARANJUEZ,-75.5686145,6.2617879,160
MM-1-PARANJUEZ,-75.5679784,6.262957,161
MM-1-PARANJUEZ,-75.567942,6.263022,162
MM-1-PARANJUEZ,-75.5678901,6.2630578,163
MM-1-PARANJUEZ,-75.5678648,6.2630865,164
MM-1-PARANJUEZ,-75.5678377,6.2631295,165
MM-1-PARANJUEZ,-75.5677279,6.2633443,166
MM-1-PARANJUEZ,-75.5676724,6.2634692,167
MM-1-PARANJUEZ,-75.56764,6.2635512,168
MM-1-PARANJUEZ,-75.5676141,6.2636594,169
MM-1-PARANJUEZ,-75.5675015,6.2643294,170
MM-1-PARANJUEZ,-75.5675419,6.2644156,171
MM-1-PARANJUEZ,-75.567519,6.2644485,172
MM-1-PARANJUEZ,-75.5674756,6.2644699,173
MM-1-PARANJUEZ,-75.56742,6.2644721,174
MM-1-PARANJUEZ,-75.5673269,6.2644609,175
MM-1-PARANJUEZ,-75.5664729,6.2643292,176
MM-1-PARANJUEZ,-75.5664034,6.2643175,177
MM-1-PARANJUEZ,-75.5663675,6.2643115,178
MM-1-PARANJUEZ,-75.5662847,6.2642975,179
MM-1-PARANJUEZ,-75.5643734,6.2639932,180
MM-1-PARANJUEZ,-75.5642388,6.2639561,181
MM-1-PARANJUEZ,-75.5638649,6.2639226,182
MM-1-PARANJUEZ,-75.5637613,6.26391,183
MM-1-PARANJUEZ,-75.5631334,6.2638334,184
MM-1-PARANJUEZ,-75.5625813,6.2637795,185
MM-1-PARANJUEZ,-75.5624429,6.263779,186
MM-1-PARANJUEZ,-75.5623771,6.263776,187
MM-1-PARANJUEZ,-75.5619753,6.2637683,188
MM-1-PARANJUEZ,-75.5618768,6.2637626,189
MM-1-PARANJUEZ,-75.5617473,6.2637637,190
MM-1-PARANJUEZ,-75.5614565,6.263707,191
MM-1-PARANJUEZ,-75.5610187,6.2636217,192
MM-1-PARANJUEZ,-75.5609094,6.263582,193
MM-1-PARANJUEZ,-75.5605469,6.2634731,194
MM-1-PARANJUEZ,-75.560477,6.2634518,195
MM-1-PARANJUEZ,-75.5604232,6.2634353,196
MM-1-PARANJUEZ,-75.5603179,6.2634137,197
MM-1-PARANJUEZ,-75.5601661,6.2633917,198
MM-1-PARANJUEZ,-75.5598207,6.2633414,199
MM-1-PARANJUEZ,-75.5597619,6.2633375,200
MM-1-PARANJUEZ,-75.5596876,6.2633326,201
MM-1-PARANJUEZ,-75.559511,6.2633327,202
MM-1-PARANJUEZ,-75.559276,6.2633261,203
MM-1-PARANJUEZ,-75.5586926,6.263232,204
MM-1-PARANJUEZ,-75.557808,6.2630475,205
MM-1-PARANJUEZ,-75.557478,6.2629906,206
MM-1-PARANJUEZ,-75.5573611,6.2629553,207
MM-1-PARANJUEZ,-75.5572442,6.2629017,208
MM-1-PARANJUEZ,-75.5571193,6.2628117,209
MM-1-PARANJUEZ,-75.5570208,6.2627081,210
MM-1-PARANJUEZ,-75.5569428,6.2626033,211
MM-1-PARANJUEZ,-75.5568741,6.2624803,212
MM-1-PARANJUEZ,-75.5568242,6.2623455,213
MM-1-PARANJUEZ,-75.556765,6.2621031,214
MM-1-PARANJUEZ,-75.5567318,6.2620181,215
MM-1-PARANJUEZ,-75.556701,6.261963,216
MM-1-PARANJUEZ,-75.5566613,6.2619074,217
MM-1-PARANJUEZ,-75.5566127,6.261855,218
MM-1-PARANJUEZ,-75.5564395,6.2616992,219
MM-1-PARANJUEZ,-75.5563424,6.2615878,220
MM-1-PARANJUEZ,-75.5562519,6.2615483,221
MM-1-PARANJUEZ,-75.5561948,6.2615395,222
MM-1-PARANJUEZ,-75.5561413,6.2615421,223
MM-1-PARANJUEZ,-75.5560869,6.2615563,224
MM-1-PARANJUEZ,-75.5560423,6.2615802,225
MM-1-PARANJUEZ,-75.5560022,6.2616148,226
MM-1-PARANJUEZ,-75.5559616,6.2616732,227
MM-1-PARANJUEZ,-75.5558064,6.2620802,228
MM-1-PARANJUEZ,-75.5556568,6.2624727,229
MM-1-PARANJUEZ,-75.5556456,6.2625119,230
MM-1-PARANJUEZ,-75.5555777,6.2627085,231
MM-1-PARANJUEZ,-75.5555317,6.2628654,232
MM-1-PARANJUEZ,-75.5554989,6.2630747,233
MM-1-PARANJUEZ,-75.5555133,6.2631509,234
MM-1-PARANJUEZ,-75.5554467,6.263731,235
MM-1-PARANJUEZ,-75.5553457,6.2643491,236
MM-1-PARANJUEZ,-75.5552539,6.2652106,237
MM-1-PARANJUEZ,-75.5551813,6.2657871,238
MM-1-PARANJUEZ,-75.5551097,6.2663655,239
MM-1-PARANJUEZ,-75.5550605,6.2668518,240
MM-1-PARANJUEZ,-75.5550322,6.2669114,241
MM-1-PARANJUEZ,-75.554979,6.2673242,242
MM-1-PARANJUEZ,-75.5549537,6.2676784,243
MM-1-PARANJUEZ,-75.554946,6.2678012,244
MM-1-PARANJUEZ,-75.5549395,6.2679269,245
MM-1-PARANJUEZ,-75.5549292,6.2680881,246
MM-1-PARANJUEZ,-75.5549217,6.2682165,247
MM-1-PARANJUEZ,-75.5548852,6.2684032,248
MM-1-PARANJUEZ,-75.554743,6.2692633,249
MM-1-PARANJUEZ,-75.554605,6.2701118,250
MM-1-PARANJUEZ,-75.5544354,6.2710876,251
MM-1-PARANJUEZ,-75.5542752,6.2719526,252
MM-1-PARANJUEZ,-75.5541198,6.2727998,253
MM-1-PARANJUEZ,-75.5540747,6.2728652,254
MM-1-PARANJUEZ,-75.5540111,6.273217,255
MM-1-PARANJUEZ,-75.5539365,6.2736457,256
MM-1-PARANJUEZ,-75.5539139,6.274,257
MM-1-PARANJUEZ,-75.5538106,6.2745046,258
MM-1-PARANJUEZ,-75.5537105,6.2750351,259
MM-1-PARANJUEZ,-75.5536552,6.2753635,260
MM-1-PARANJUEZ,-75.5535099,6.2762257,261
MM-1-PARANJUEZ,-75.5533708,6.2770687,262
MM-1-PARANJUEZ,-75.5532643,6.2777133,263
MM-1-PARANJUEZ,-75.5532338,6.2777769,264
MM-1-PARANJUEZ,-75.5531649,6.2781453,265
MM-1-PARANJUEZ,-75.5531244,6.2783769,266
MM-1-PARANJUEZ,-75.5530543,6.2787781,267
MM-1-PARANJUEZ,-75.5530168,6.2790959,268
MM-1-PARANJUEZ,-75.5529094,6.2796283,269
MM-1-PARANJUEZ,-75.5527243,6.2804848,270
MM-1-PARANJUEZ,-75.5526664,6.2807895,271
MM-1-PARANJUEZ,-75.5526353,6.2809762,272
MM-1-PARANJUEZ,-75.5525708,6.2814376,273
MM-1-PARANJUEZ,-75.5525706,6.2814989,274
MM-1-PARANJUEZ,-75.5525784,6.2815597,275
MM-1-PARANJUEZ,-75.5525953,6.2816121,276
MM-1-PARANJUEZ,-75.5527339,6.2819277,277
MM-1-PARANJUEZ,-75.5528075,6.2820955,278
MM-1-PARANJUEZ,-75.5528822,6.2823452,279
MM-1-PARANJUEZ,-75.5528912,6.2824228,280
MM-1-PARANJUEZ,-75.5528868,6.282507,281
MM-1-PARANJUEZ,-75.5528513,6.2828666,282
MM-1-PARANJUEZ,-75.5528209,6.2831856,283
MM-1-PARANJUEZ,-75.5527852,6.2837465,284
MM-1-PARANJUEZ,-75.5528001,6.283884,285
MM-1-PARANJUEZ,-75.5528093,6.2839432,286
MM-1-PARANJUEZ,-75.5528321,6.2840018,287
MM-1-PARANJUEZ,-75.5528723,6.2840712,288
MM-1-PARANJUEZ,-75.5529059,6.2841098,289
MM-1-PARANJUEZ,-75.5529474,6.2841525,290
MM-1-PARANJUEZ,-75.5530051,6.2841911,291
MM-1-PARANJUEZ,-75.5530735,6.2842325,292
MM-1-PARANJUEZ,-75.553162,6.2842684,293
MM-1-PARANJUEZ,-75.5536194,6.2843956,294
MM-1-PARANJUEZ,-75.5537001,6.2844156,295
MM-1-PARANJUEZ,-75.5537793,6.284424,296
MM-1-PARANJUEZ,-75.5542345,6.2844503,297
MM-1-PARANJUEZ,-75.5548352,6.284478,298
MM-1-PARANJUEZ,-75.555443,6.2845115,299
MM-1-PARANJUEZ,-75.5556959,6.2845213,300
MM-1-PARANJUEZ,-75.5559125,6.2845504,301
MM-1-PARANJUEZ,-75.5559972,6.2845708,302
MM-1-PARANJUEZ,-75.5560486,6.284625,303
MM-1-PARANJUEZ,-75.5560781,6.2847636,304
MM-1-PARANJUEZ,-75.5561371,6.2851589,305
MM-1-PARANJUEZ,-75.556134,6.2852348,306
MM-1-PARANJUEZ,-75.5561157,6.2852955,307
MM-1-PARANJUEZ,-75.5560647,6.2854168,308
MM-1-PARANJUEZ,-75.5560486,6.2855061,309
MM-1-PARANJUEZ,-75.5560435,6.2855841,310
MM-1-PARANJUEZ,-75.5560486,6.2856514,311
MM-1-PARANJUEZ,-75.5560802,6.2857094,312
MM-1-PARANJUEZ,-75.5561345,6.2857514,313
MM-1-PARANJUEZ,-75.5561895,6.2857794,314
MM-1-PARANJUEZ,-75.5562485,6.2857887,315
MM-1-PARANJUEZ,-75.5563088,6.2857887,316
MM-1-PARANJUEZ,-75.5564343,6.2857912,317
MM-1-PARANJUEZ,-75.5564999,6.2857722,318
MM-1-PARANJUEZ,-75.556556,6.285735,319
MM-1-PARANJUEZ,-75.5565964,6.2856828,320
MM-1-PARANJUEZ,-75.5566173,6.2855747,321
MM-1-PARANJUEZ,-75.5566349,6.285192,322
MM-2-PARANJUEZ,-75.5565933,6.2854342,0
MM-2-PARANJUEZ,-75.5566173,6.2849512,1
MM-2-PARANJUEZ,-75.5529232,6.2826607,2
MM-2-PARANJUEZ,-75.5528728,6.2831246,3
MM-2-PARANJUEZ,-75.5532026,6.2781579,4
MM-2-PARANJUEZ,-75.5531251,6.2786187,5
MM-2-PARANJUEZ,-75.5540019,6.2734767,6
MM-2-PARANJUEZ,-75.5540817,6.2730054,7
MM-2-PARANJUEZ,-75.5550014,6.2674379,8
MM-2-PARANJUEZ,-75.5549565,6.2679127,9
MM-2-PARANJUEZ,-75.5560003,6.2617371,10
MM-2-PARANJUEZ,-75.5557461,6.2623943,11
MM-2-PARANJUEZ,-75.5603913,6.2634814,12
MM-2-PARANJUEZ,-75.5599272,6.2634123,13
MM-2-PARANJUEZ,-75.5765541,6.2307276,14
MM-2-PARANJUEZ,-75.5765569,6.2305463,15
MM-2-PARANJUEZ,-75.5765701,6.229675,16
MM-2-PARANJUEZ,-75.5822974,6.2317655,17
MM-2-PARANJUEZ,-75.5818347,6.2317902,18
MM-2-PARANJUEZ,-75.5867954,6.2316552,19
MM-2-PARANJUEZ,-75.5863199,6.2316674,20
MM-2-PARANJUEZ,-75.5911785,6.2315638,21
MM-2-PARANJUEZ,-75.5907318,6.2315766,22
MM-2-PARANJUEZ,-75.5969673,6.2313621,23
MM-2-PARANJUEZ,-75.5965039,6.2313819,24
MM-2-PARANJUEZ,-75.6012627,6.2311335,25
MM-2-PARANJUEZ,-75.600803,6.2311591,26
MM-2-PARANJUEZ,-75.6053884,6.2310562,27
MM-2-PARANJUEZ,-75.6049244,6.231072,28
MM-2-PARANJUEZ,-75.6093403,6.2306579,29
MM-2-PARANJUEZ,-75.6089565,6.2306816,30
MM-2-PARANJUEZ,-75.5617473,6.2637637,31
MM-2-PARANJUEZ,-75.5614565,6.263707,32
MM-2-PARANJUEZ,-75.5610187,6.2636217,33
MM-2-PARANJUEZ,-75.5609094,6.263582,34
MM-2-PARANJUEZ,-75.5605469,6.2634731,35
MM-2-PARANJUEZ,-75.560477,6.2634518,36
MM-2-PARANJUEZ,-75.5604232,6.2634353,37
MM-2-PARANJUEZ,-75.5603179,6.2634137,38
MM-2-PARANJUEZ,-75.5601661,6.2633917,39
MM-2-PARANJUEZ,-75.5598207,6.2633414,40
MM-2-PARANJUEZ,-75.5597619,6.2633375,41
MM-2-PARANJUEZ,-75.5596876,6.2633326,42
MM-2-PARANJUEZ,-75.559511,6.2633327,43
MM-2-PARANJUEZ,-75.559276,6.2633261,44
MM-2-PARANJUEZ,-75.5586926,6.263232,45
MM-2-PARANJUEZ,-75.557808,6.2630475,46
MM-2-PARANJUEZ,-75.557478,6.2629906,47
MM-2-PARANJUEZ,-75.5573611,6.2629553,48
MM-2-PARANJUEZ,-75.5572442,6.2629017,49
MM-2-PARANJUEZ,-75.5571193,6.2628117,50
MM-2-PARANJUEZ,-75.5570208,6.2627081,51
MM-2-PARANJUEZ,-75.5569428,6.2626033,52
MM-2-PARANJUEZ,-75.5568741,6.2624803,53
MM-2-PARANJUEZ,-75.5568242,6.2623455,54
MM-2-PARANJUEZ,-75.556765,6.2621031,55
MM-2-PARANJUEZ,-75.5567318,6.2620181,56
MM-2-PARANJUEZ,-75.556701,6.261963,57
MM-2-PARANJUEZ,-75.5566613,6.2619074,58
MM-2-PARANJUEZ,-75.5566127,6.261855,59
MM-2-PARANJUEZ,-75.5564395,6.2616992,60
MM-2-PARANJUEZ,-75.5563424,6.2615878,61
MM-2-PARANJUEZ,-75.5562519,6.2615483,62
MM-2-PARANJUEZ,-75.5561948,6.2615395,63
MM-2-PARANJUEZ,-75.5561413,6.2615421,64
MM-2-PARANJUEZ,-75.5560869,6.2615563,65
MM-2-PARANJUEZ,-75.5560423,6.2615802,66
MM-2-PARANJUEZ,-75.5560022,6.2616148,67
MM-2-PARANJUEZ,-75.5559616,6.2616732,68
MM-2-PARANJUEZ,-75.5558064,6.2620802,69
MM-2-PARANJUEZ,-75.5556568,6.2624727,70
MM-2-PARANJUEZ,-75.5556456,6.2625119,71
MM-2-PARANJUEZ,-75.5555777,6.2627085,72
MM-2-PARANJUEZ,-75.5555317,6.2628654,73
MM-2-PARANJUEZ,-75.5554989,6.2630747,74
MM-2-PARANJUEZ,-75.5555133,6.2631509,75
MM-2-PARANJUEZ,-75.5554467,6.263731,76
MM-2-PARANJUEZ,-75.5553457,6.2643491,77
MM-2-PARANJUEZ,-75.5552539,6.2652106,78
MM-2-PARANJUEZ,-75.5551813,6.2657871,79
MM-2-PARANJUEZ,-75.5551097,6.2663655,80
MM-2-PARANJUEZ,-75.5550605,6.2668518,81
MM-2-PARANJUEZ,-75.5550322,6.2669114,82
MM-2-PARANJUEZ,-75.554979,6.2673242,83
MM-2-PARANJUEZ,-75.5549537,6.2676784,84
MM-2-PARANJUEZ,-75.554946,6.2678012,85
MM-2-PARANJUEZ,-75.5549395,6.2679269,86
MM-2-PARANJUEZ,-75.5549292,6.2680881,87
MM-2-PARANJUEZ,-75.5549217,6.2682165,88
MM-2-PARANJUEZ,-75.5548852,6.2684032,89
MM-2-PARANJUEZ,-75.554743,6.2692633,90
MM-2-PARANJUEZ,-75.554605,6.2701118,91
MM-2-PARANJUEZ,-75.5544354,6.2710876,92
MM-2-PARANJUEZ,-75.5542752,6.2719526,93
MM-2-PARANJUEZ,-75.5541198,6.2727998,94
MM-2-PARANJUEZ,-75.5540747,6.2728652,95
MM-2-PARANJUEZ,-75.5540111,6.273217,96
MM-2-PARANJUEZ,-75.5539365,6.2736457,97
MM-2-PARANJUEZ,-75.5539139,6.274,98
MM-2-PARANJUEZ,-75.5538106,6.2745046,99
MM-2-PARANJUEZ,-75.5537105,6.2750351,100
MM-2-PARANJUEZ,-75.5536552,6.2753635,101
MM-2-PARANJUEZ,-75.5535099,6.2762257,102
MM-2-PARANJUEZ,-75.5533708,6.2770687,103
MM-2-PARANJUEZ,-75.5532643,6.2777133,104
MM-2-PARANJUEZ,-75.5532338,6.2777769,105
MM-2-PARANJUEZ,-75.5531649,6.2781453,106
MM-2-PARANJUEZ,-75.5531244,6.2783769,107
MM-2-PARANJUEZ,-75.5530543,6.2787781,108
MM-2-PARANJUEZ,-75.5530168,6.2790959,109
MM-2-PARANJUEZ,-75.5529094,6.2796283,110
MM-2-PARANJUEZ,-75.5527243,6.2804848,111
MM-2-PARANJUEZ,-75.5526664,6.2807895,112
MM-2-PARANJUEZ,-75.5526353,6.2809762,113
MM-2-PARANJUEZ,-75.5525708,6.2814376,114
MM-2-PARANJUEZ,-75.5525706,6.2814989,115
MM-2-PARANJUEZ,-75.5525784,6.2815597,116
MM-2-PARANJUEZ,-75.5525953,6.2816121,117
MM-2-PARANJUEZ,-75.5527339,6.2819277,118
MM-2-PARANJUEZ,-75.5528075,6.2820955,119
MM-2-PARANJUEZ,-75.5528822,6.2823452,120
MM-2-PARANJUEZ,-75.5528912,6.2824228,121
MM-2-PARANJUEZ,-75.5528868,6.282507,122
MM-2-PARANJUEZ,-75.5528513,6.2828666,123
MM-2-PARANJUEZ,-75.5528209,6.2831856,124
MM-2-PARANJUEZ,-75.5527852,6.2837465,125
MM-2-PARANJUEZ,-75.5528001,6.283884,126
MM-2-PARANJUEZ,-75.5528093,6.2839432,127
MM-2-PARANJUEZ,-75.5528321,6.2840018,128
MM-2-PARANJUEZ,-75.5528723,6.2840712,129
MM-2-PARANJUEZ,-75.5529059,6.2841098,130
MM-2-PARANJUEZ,-75.5529474,6.2841525,131
MM-2-PARANJUEZ,-75.5530051,6.2841911,132
MM-2-PARANJUEZ,-75.5530735,6.2842325,133
MM-2-PARANJUEZ,-75.553162,6.2842684,134
MM-2-PARANJUEZ,-75.5536194,6.2843956,135
MM-2-PARANJUEZ,-75.5537001,6.2844156,136
MM-2-PARANJUEZ,-75.5537793,6.284424,137
MM-2-PARANJUEZ,-75.5542345,6.2844503,138
MM-2-PARANJUEZ,-75.5548352,6.284478,139
MM-2-PARANJUEZ,-75.555443,6.2845115,140
MM-2-PARANJUEZ,-75.5556959,6.2845213,141
MM-2-PARANJUEZ,-75.5559125,6.2845504,142
MM-2-PARANJUEZ,-75.5559972,6.2845708,143
MM-2-PARANJUEZ,-75.5560486,6.284625,144
MM-2-PARANJUEZ,-75.5560781,6.2847636,145
MM-2-PARANJUEZ,-75.5561371,6.2851589,146
MM-2-PARANJUEZ,-75.556134,6.2852348,147
MM-2-PARANJUEZ,-75.5561157,6.2852955,148
MM-2-PARANJUEZ,-75.5560647,6.2854168,149
MM-2-PARANJUEZ,-75.5560486,6.2855061,150
MM-2-PARANJUEZ,-75.5560435,6.2855841,151
MM-2-PARANJUEZ,-75.5560486,6.2856514,152
MM-2-PARANJUEZ,-75.5560802,6.2857094,153
MM-2-PARANJUEZ,-75.5561345,6.2857514,154
MM-2-PARANJUEZ,-75.5561895,6.2857794,155
MM-2-PARANJUEZ,-75.5562485,6.2857887,156
MM-2-PARANJUEZ,-75.5563088,6.2857887,157
MM-2-PARANJUEZ,-75.5564343,6.2857912,158
MM-2-PARANJUEZ,-75.5564999,6.2857722,159
MM-2-PARANJUEZ,-75.556556,6.285735,160
MM-2-PARANJUEZ,-75.5565964,6.2856828,161
MM-2-PARANJUEZ,-75.5566173,6.2855747,162
MM-2-PARANJUEZ,-75.5566349,6.285192,163
MM-2-PARANJUEZ,-75.6097997,6.2310326,164
MM-2-PARANJUEZ,-75.6096477,6.231043,165
MM-2-PARANJUEZ,-75.6095841,6.2310473,166
MM-2-PARANJUEZ,-75.608876,6.231096,167
MM-2-PARANJUEZ,-75.6083149,6.2311346,168
MM-2-PARANJUEZ,-75.6075108,6.2312035,169
MM-2-PARANJUEZ,-75.6072435,6.2312261,170
MM-2-PARANJUEZ,-75.6067802,6.2312652,171
MM-2-PARANJUEZ,-75.6067357,6.2312674,172
MM-2-PARANJUEZ,-75.6066909,6.2312627,173
MM-2-PARANJUEZ,-75.6057753,6.2310496,174
MM-2-PARANJUEZ,-75.6057201,6.2310254,175
MM-2-PARANJUEZ,-75.6056739,6.2310174,176
MM-2-PARANJUEZ,-75.6055939,6.23101,177
MM-2-PARANJUEZ,-75.6055255,6.2310084,178
MM-2-PARANJUEZ,-75.6050649,6.2310277,179
MM-2-PARANJUEZ,-75.6046483,6.2310405,180
MM-2-PARANJUEZ,-75.6041895,6.2310541,181
MM-2-PARANJUEZ,-75.6041147,6.2310597,182
MM-2-PARANJUEZ,-75.6040486,6.2310646,183
MM-2-PARANJUEZ,-75.6031794,6.2310998,184
MM-2-PARANJUEZ,-75.6025071,6.2311062,185
MM-2-PARANJUEZ,-75.6023957,6.2311255,186
MM-2-PARANJUEZ,-75.6020917,6.2311215,187
MM-2-PARANJUEZ,-75.6017981,6.2311158,188
MM-2-PARANJUEZ,-75.6016916,6.2311187,189
MM-2-PARANJUEZ,-75.6014653,6.2310867,190
MM-2-PARANJUEZ,-75.6010582,6.231104,191
MM-2-PARANJUEZ,-75.5981339,6.2312797,192
MM-2-PARANJUEZ,-75.597126,6.2313177,193
MM-2-PARANJUEZ,-75.5967457,6.2313321,194
MM-2-PARANJUEZ,-75.5961908,6.2313588,195
MM-2-PARANJUEZ,-75.5926656,6.2314755,196
MM-2-PARANJUEZ,-75.5914583,6.2315141,197
MM-2-PARANJUEZ,-75.5913357,6.231518,198
MM-2-PARANJUEZ,-75.590964,6.2315299,199
MM-2-PARANJUEZ,-75.5901711,6.2315555,200
MM-2-PARANJUEZ,-75.5899944,6.2315476,201
MM-2-PARANJUEZ,-75.5896221,6.2315043,202
MM-2-PARANJUEZ,-75.587391,6.231566,203
MM-2-PARANJUEZ,-75.5872752,6.2315707,204
MM-2-PARANJUEZ,-75.5871802,6.2315746,205
MM-2-PARANJUEZ,-75.5865528,6.2316,206
MM-2-PARANJUEZ,-75.5829193,6.2316683,207
MM-2-PARANJUEZ,-75.5825988,6.2316838,208
MM-2-PARANJUEZ,-75.5820643,6.2317096,209
MM-2-PARANJUEZ,-75.5809866,6.2317183,210
MM-2-PARANJUEZ,-75.5805745,6.2317443,211
MM-2-PARANJUEZ,-75.5798272,6.2317786,212
MM-2-PARANJUEZ,-75.5787485,6.2318058,213
MM-2-PARANJUEZ,-75.5786488,6.2318169,214
MM-2-PARANJUEZ,-75.5783463,6.2318661,215
MM-2-PARANJUEZ,-75.5782477,6.2318797,216
MM-2-PARANJUEZ,-75.5781428,6.2318907,217
MM-2-PARANJUEZ,-75.5777945,6.2319011,218
MM-2-PARANJUEZ,-75.5776877,6.2318976,219
MM-2-PARANJUEZ,-75.5774716,6.2318837,220
MM-2-PARANJUEZ,-75.5772559,6.2317471,221
MM-2-PARANJUEZ,-75.5770384,6.2316732,222
MM-2-PARANJUEZ,-75.5766291,6.2315373,223
MM-2-PARANJUEZ,-75.5763509,6.2314939,224
MM-2-PARANJUEZ,-75.5760909,6.2314257,225
MM-2-PARANJUEZ,-75.5749997,6.2311161,226
MM-2-PARANJUEZ,-75.5743352,6.2309175,227
MM-2-PARANJUEZ,-75.5739732,6.2307981,228
MM-2-PARANJUEZ,-75.5736682,6.2306526,229
MM-2-PARANJUEZ,-75.5733493,6.2304091,230
MM-2-PARANJUEZ,-75.5732084,6.2302786,231
MM-2-PARANJUEZ,-75.5731278,6.230219,232
MM-2-PARANJUEZ,-75.5730498,6.2301613,233
MM-2-PARANJUEZ,-75.5728485,6.2300123,234
MM-2-PARANJUEZ,-75.5720358,6.2294109,235
MM-2-PARANJUEZ,-75.5714197,6.228955,236
MM-2-PARANJUEZ,-75.5709975,6.2286426,237
MM-2-PARANJUEZ,-75.5707901,6.2284891,238
MM-2-PARANJUEZ,-75.5700642,6.227952,239
MM-2-PARANJUEZ,-75.5697352,6.2277085,240
MM-2-PARANJUEZ,-75.5695377,6.2275719,241
MM-2-PARANJUEZ,-75.5693317,6.2274354,242
MM-2-PARANJUEZ,-75.5691815,6.2273674,243
MM-2-PARANJUEZ,-75.5690592,6.2273743,244
MM-2-PARANJUEZ,-75.5689283,6.2273917,245
MM-2-PARANJUEZ,-75.5688279,6.2274346,246
MM-2-PARANJUEZ,-75.5687016,6.2275364,247
MM-2-PARANJUEZ,-75.5686415,6.2276986,248
MM-2-PARANJUEZ,-75.5686652,6.2278706,249
MM-2-PARANJUEZ,-75.5687253,6.2280498,250
MM-2-PARANJUEZ,-75.5687481,6.2281607,251
MM-2-PARANJUEZ,-75.5688144,6.228237,252
MM-2-PARANJUEZ,-75.5689869,6.2283348,253
MM-2-PARANJUEZ,-75.5690597,6.2283642,254
MM-2-PARANJUEZ,-75.5691886,6.2284158,255
MM-2-PARANJUEZ,-75.5692802,6.2284764,256
MM-2-PARANJUEZ,-75.5693489,6.2285617,257
MM-2-PARANJUEZ,-75.5693918,6.2286641,258
MM-2-PARANJUEZ,-75.5694433,6.2289201,259
MM-2-PARANJUEZ,-75.5695034,6.2290736,260
MM-2-PARANJUEZ,-75.569703,6.2293835,261
MM-2-PARANJUEZ,-75.5697316,6.2297794,262
MM-2-PARANJUEZ,-75.5698416,6.2312407,263
MM-2-PARANJUEZ,-75.5699904,6.2332672,264
MM-2-PARANJUEZ,-75.570016,6.2335784,265
MM-2-PARANJUEZ,-75.5700481,6.2339684,266
MM-2-PARANJUEZ,-75.570074,6.234583,267
MM-2-PARANJUEZ,-75.5700794,6.2346633,268
MM-2-PARANJUEZ,-75.5701085,6.2350936,269
MM-2-PARANJUEZ,-75.5701795,6.2354362,270
MM-2-PARANJUEZ,-75.5702453,6.2363508,271
MM-2-PARANJUEZ,-75.5703029,6.2372787,272
MM-2-PARANJUEZ,-75.5703284,6.237668,273
MM-2-PARANJUEZ,-75.5703405,6.2383822,274
MM-2-PARANJUEZ,-75.5703434,6.2386314,275
MM-2-PARANJUEZ,-75.5703233,6.2388367,276
MM-2-PARANJUEZ,-75.5702925,6.2390514,277
MM-2-PARANJUEZ,-75.5702481,6.2392619,278
MM-2-PARANJUEZ,-75.5701891,6.2394592,279
MM-2-PARANJUEZ,-75.5700362,6.2398218,280
MM-2-PARANJUEZ,-75.5699368,6.2400219,281
MM-2-PARANJUEZ,-75.5698101,6.2403339,282
MM-2-PARANJUEZ,-75.5697063,6.2405657,283
MM-2-PARANJUEZ,-75.5694949,6.2410379,284
MM-2-PARANJUEZ,-75.5692858,6.24154,285
MM-2-PARANJUEZ,-75.5691859,6.2417802,286
MM-2-PARANJUEZ,-75.5685845,6.2433716,287
MM-2-PARANJUEZ,-75.5684184,6.243753,288
MM-2-PARANJUEZ,-75.5680921,6.244322,289
MM-2-PARANJUEZ,-75.5680565,6.244383,290
MM-2-PARANJUEZ,-75.5676758,6.2449097,291
MM-2-PARANJUEZ,-75.5673138,6.2454003,292
MM-2-PARANJUEZ,-75.5672196,6.2455281,293
MM-2-PARANJUEZ,-75.5667698,6.2461629,294
MM-2-PARANJUEZ,-75.5664402,6.2465769,295
MM-2-PARANJUEZ,-75.5662949,6.2467595,296
MM-2-PARANJUEZ,-75.5658296,6.2473571,297
MM-2-PARANJUEZ,-75.5657474,6.2474628,298
MM-2-PARANJUEZ,-75.5657272,6.2474857,299
MM-2-PARANJUEZ,-75.5657192,6.2474954,300
MM-2-PARANJUEZ,-75.5657004,6.2475192,301
MM-2-PARANJUEZ,-75.5656341,6.2476043,302
MM-2-PARANJUEZ,-75.5652253,6.2481607,303
MM-2-PARANJUEZ,-75.5651258,6.2483043,304
MM-2-PARANJUEZ,-75.5646719,6.248986,305
MM-2-PARANJUEZ,-75.5646328,6.249052,306
MM-2-PARANJUEZ,-75.5645379,6.2492033,307
MM-2-PARANJUEZ,-75.5644633,6.2493293,308
MM-2-PARANJUEZ,-75.5637674,6.2505054,309
MM-2-PARANJUEZ,-75.5633726,6.25124,310
MM-2-PARANJUEZ,-75.562987,6.2518986,311
MM-2-PARANJUEZ,-75.5625839,6.2525868,312
MM-2-PARANJUEZ,-75.5623801,6.2529348,313
MM-2-PARANJUEZ,-75.5621821,6.2532729,314
MM-2-PARANJUEZ,-75.5620963,6.2534777,315
MM-2-PARANJUEZ,-75.5620448,6.2536483,316
MM-2-PARANJUEZ,-75.5620276,6.2538701,317
MM-2-PARANJUEZ,-75.5620362,6.2541005,318
MM-2-PARANJUEZ,-75.5621809,6.2544167,319
MM-2-PARANJUEZ,-75.5622728,6.2545796,320
MM-2-PARANJUEZ,-75.5623306,6.2546747,321
MM-2-PARANJUEZ,-75.5624181,6.2547985,322
MM-2-PARANJUEZ,-75.562525,6.2549062,323
MM-2-PARANJUEZ,-75.5626311,6.2549888,324
MM-2-PARANJUEZ,-75.5628333,6.2551145,325
MM-2-PARANJUEZ,-75.5633104,6.2554574,326
MM-2-PARANJUEZ,-75.564036,6.2559256,327
MM-2-PARANJUEZ,-75.5647536,6.2563791,328
MM-2-PARANJUEZ,-75.5654948,6.2568694,329
MM-2-PARANJUEZ,-75.5657097,6.2570006,330
MM-2-PARANJUEZ,-75.5657698,6.2570518,331
MM-2-PARANJUEZ,-75.5658127,6.2571286,332
MM-2-PARANJUEZ,-75.5658213,6.2572054,333
MM-2-PARANJUEZ,-75.5657667,6.2573552,334
MM-2-PARANJUEZ,-75.5655698,6.2578446,335
MM-2-PARANJUEZ,-75.5654749,6.2580804,336
MM-2-PARANJUEZ,-75.5651573,6.2588141,337
MM-2-PARANJUEZ,-75.5649544,6.2592957,338
MM-2-PARANJUEZ,-75.5645885,6.2603137,339
MM-2-PARANJUEZ,-75.5641336,6.2614271,340
MM-2-PARANJUEZ,-75.5638118,6.2622512,341
MM-2-PARANJUEZ,-75.5635563,6.2629296,342
MM-2-PARANJUEZ,-75.563478,6.2631377,343
MM-2-PARANJUEZ,-75.5633773,6.2634083,344
MM-2-PARANJUEZ,-75.563294,6.2635167,345
MM-2-PARANJUEZ,-75.5809866,6.2317183,346
MM-2-PARANJUEZ,-75.5805745,6.2317443,347
MM-2-PARANJUEZ,-75.5798272,6.2317786,348
MM-2-PARANJUEZ,-75.5787485,6.2318058,349
MM-2-PARANJUEZ,-75.5786488,6.2318169,350
MM-2-PARANJUEZ,-75.5783463,6.2318661,351
MM-2-PARANJUEZ,-75.5782477,6.2318797,352
MM-2-PARANJUEZ,-75.5781428,6.2318907,353
MM-2-PARANJUEZ,-75.5777945,6.2319011,354
MM-2-PARANJUEZ,-75.5776877,6.2318976,355
MM-2-PARANJUEZ,-75.5774716,6.2318837,356
MM-2-PARANJUEZ,-75.5773566,6.2318608,357
MM-2-PARANJUEZ,-75.5772448,6.2318397,358
MM-2-PARANJUEZ,-75.5766424,6.2316218,359
MM-2-PARANJUEZ,-75.576652,6.2314143,360
MM-2-PARANJUEZ,-75.5766546,6.2311078,361
MM-2-PARANJUEZ,-75.5767559,6.2308019,362
MM-2-PARANJUEZ,-75.5767718,6.230729,363
MM-2-PARANJUEZ,-75.5767852,6.2303325,364
MM-2-PARANJUEZ,-75.5767886,6.2302339,365
MM-2-PARANJUEZ,-75.5767897,6.2301214,366
MM-2-PARANJUEZ,-75.5767943,6.22967,367
MM-2-PARANJUEZ,-75.5767675,6.2296239,368
MM-2-PARANJUEZ,-75.5767352,6.2295858,369
MM-2-PARANJUEZ,-75.5766904,6.2295648,370
MM-2-PARANJUEZ,-75.5766271,6.229568,371
MM-2-PARANJUEZ,-75.57658,6.2295976,372
MM-2-PARANJUEZ,-75.5765331,6.2296679,373
MM-2-PARANJUEZ,-75.5765211,6.2302217,374
MM-2-PARANJUEZ,-75.5765175,6.2307323,375
MM-2-PARANJUEZ,-75.5765376,6.2308286,376
MM-2-PARANJUEZ,-75.5766546,6.2311078,377
MM-2-PARANJUEZ,-75.576652,6.2314143,378
MM-2-PARANJUEZ,-75.5766424,6.2316218,379
MM-2-PARANJUEZ,-75.5772448,6.2318397,380
MM-2-PARANJUEZ,-75.5773604,6.2318869,381
MM-2-PARANJUEZ,-75.5774756,6.2319284,382
MM-2-PARANJUEZ,-75.5776917,6.2319433,383
MM-2-PARANJUEZ,-75.577852,6.2319459,384
MM-2-PARANJUEZ,-75.5781594,6.23193,385
MM-2-PARANJUEZ,-75.578254,6.2319215,386
MM-2-PARANJUEZ,-75.5783496,6.2319079,387
MM-2-PARANJUEZ,-75.5786575,6.2318658,388
MM-2-PARANJUEZ,-75.5787658,6.2318546,389
MM-2-PARANJUEZ,-75.5798024,6.2318334,390
MM-2-PARANJUEZ,-75.5799937,6.2318512,391
MM-2-PARANJUEZ,-75.5800624,6.2318597,392
MM-2-PARANJUEZ,-75.5801482,6.2318768,393
MM-2-PARANJUEZ,-75.5804123,6.2319279,394
MM-2-PARANJUEZ,-75.5804766,6.2319391,395
MM-2-PARANJUEZ,-75.5805316,6.2319439,396
MM-2-PARANJUEZ,-75.5805955,6.2319456,397
MM-2-PARANJUEZ,-75.5809913,6.2319252,398
MM-2-PARANJUEZ,-75.58102,6.231903,399
MM-2-PARANJUEZ,-75.5810406,6.2318732,400
MM-2-PARANJUEZ,-75.5810509,6.2318385,401
MM-2-PARANJUEZ,-75.5810501,6.2318023,402
MM-2-PARANJUEZ,-75.5810382,6.2317681,403
MM-2-PARANJUEZ,-75.5810163,6.2317392,404
MM-2-PARANJUEZ,-75.5809866,6.2317183,405
MM-2-PARANJUEZ,-75.6095841,6.2310473,406
MM-2-PARANJUEZ,-75.6095777,6.2309771,407
MM-2-PARANJUEZ,-75.6095512,6.2306901,408
MM-2-PARANJUEZ,-75.6095424,6.2306661,409
MM-2-PARANJUEZ,-75.6095288,6.2306435,410
MM-2-PARANJUEZ,-75.6095118,6.2306244,411
MM-2-PARANJUEZ,-75.6094794,6.2306019,412
MM-2-PARANJUEZ,-75.6094499,6.2305911,413
MM-2-PARANJUEZ,-75.6094006,6.2305843,414
MM-2-PARANJUEZ,-75.6091308,6.2306032,415
MM-2-PARANJUEZ,-75.6089656,6.2306148,416
MM-2-PARANJUEZ,-75.6089189,6.230633,417
MM-2-PARANJUEZ,-75.6088905,6.2306511,418
MM-2-PARANJUEZ,-75.6088665,6.2306782,419
MM-2-PARANJUEZ,-75.6088529,6.2307122,420
MM-2-PARANJUEZ,-75.608846,6.2307428,421
MM-2-PARANJUEZ,-75.608876,6.231096,422
MM-2-UMEDELLIN,-75.6093403,6.2306579,0
MM-2-UMEDELLIN,-75.6089565,6.2306816,1
MM-2-UMEDELLIN,-75.6053884,6.2310562,2
MM-2-UMEDELLIN,-75.6049244,6.231072,3
MM-2-UMEDELLIN,-75.6012627,6.2311335,4
MM-2-UMEDELLIN,-75.600803,6.2311591,5
MM-2-UMEDELLIN,-75.5969673,6.2313621,6
MM-2-UMEDELLIN,-75.5965039,6.2313819,7
MM-2-UMEDELLIN,-75.5911785,6.2315638,8
MM-2-UMEDELLIN,-75.5907318,6.2315766,9
MM-2-UMEDELLIN,-75.5867967,6.2317061,10
MM-2-UMEDELLIN,-75.5863237,6.2317204,11
MM-2-UMEDELLIN,-75.5818372,6.2318421,12
MM-2-UMEDELLIN,-75.5822979,6.2318248,13
MM-2-UMEDELLIN,-75.576756,6.2296806,14
MM-2-UMEDELLIN,-75.5767326,6.2305476,15
MM-2-UMEDELLIN,-75.5767275,6.2307347,16
MM-2-UMEDELLIN,-75.5603913,6.2634814,17
MM-2-UMEDELLIN,-75.5599272,6.2634123,18
MM-2-UMEDELLIN,-75.5560003,6.2617371,19
MM-2-UMEDELLIN,-75.5557461,6.2623943,20
MM-2-UMEDELLIN,-75.5550014,6.2674379,21
MM-2-UMEDELLIN,-75.5549565,6.2679127,22
MM-2-UMEDELLIN,-75.5540019,6.2734767,23
MM-2-UMEDELLIN,-75.5540817,6.2730054,24
MM-2-UMEDELLIN,-75.5532026,6.2781579,25
MM-2-UMEDELLIN,-75.5531251,6.2786187,26
MM-2-UMEDELLIN,-75.5529232,6.2826607,27
MM-2-UMEDELLIN,-75.5528728,6.2831246,28
MM-2-UMEDELLIN,-75.5565933,6.2854342,29
MM-2-UMEDELLIN,-75.5566173,6.2849512,30
MM-2-UMEDELLIN,-75.6095841,6.2310473,31
MM-2-UMEDELLIN,-75.6095777,6.2309771,32
MM-2-UMEDELLIN,-75.6095512,6.2306901,33
MM-2-UMEDELLIN,-75.6095424,6.2306661,34
MM-2-UMEDELLIN,-75.6095288,6.2306435,35
MM-2-UMEDELLIN,-75.6095118,6.2306244,36
MM-2-UMEDELLIN,-75.6094794,6.2306019,37
MM-2-UMEDELLIN,-75.6094499,6.2305911,38
MM-2-UMEDELLIN,-75.6094006,6.2305843,39
MM-2-UMEDELLIN,-75.6091308,6.2306032,40
MM-2-UMEDELLIN,-75.6089656,6.2306148,41
MM-2-UMEDELLIN,-75.6089189,6.230633,42
MM-2-UMEDELLIN,-75.6088905,6.2306511,43
MM-2-UMEDELLIN,-75.6088665,6.2306782,44
MM-2-UMEDELLIN,-75.6088529,6.2307122,45
MM-2-UMEDELLIN,-75.608846,6.2307428,46
MM-2-UMEDELLIN,-75.608876,6.231096,47
MM-2-UMEDELLIN,-75.5623464,6.2533707,48
MM-2-UMEDELLIN,-75.5625439,6.2530182,49
MM-2-UMEDELLIN,-75.5627369,6.2526797,50
MM-2-UMEDELLIN,-75.5631317,6.2519886,51
MM-2-UMEDELLIN,-75.5635092,6.2513556,52
MM-2-UMEDELLIN,-75.5638776,6.250643,53
MM-2-UMEDELLIN,-75.5646145,6.2493921,54
MM-2-UMEDELLIN,-75.5647954,6.2490851,55
MM-2-UMEDELLIN,-75.5652978,6.2483397,56
MM-2-UMEDELLIN,-75.565362,6.2482437,57
MM-2-UMEDELLIN,-75.565563,6.2479623,58
MM-2-UMEDELLIN,-75.5657712,6.2477021,59
MM-2-UMEDELLIN,-75.5658465,6.2476018,60
MM-2-UMEDELLIN,-75.5658684,6.2475726,61
MM-2-UMEDELLIN,-75.5658761,6.2475624,62
MM-2-UMEDELLIN,-75.5659585,6.2474526,63
MM-2-UMEDELLIN,-75.5664567,6.2467889,64
MM-2-UMEDELLIN,-75.5666509,6.2465304,65
MM-2-UMEDELLIN,-75.5668753,6.2462316,66
MM-2-UMEDELLIN,-75.56742,6.2454794,67
MM-2-UMEDELLIN,-75.5674749,6.2454036,68
MM-2-UMEDELLIN,-75.5681905,6.2443991,69
MM-2-UMEDELLIN,-75.568302,6.2442285,70
MM-2-UMEDELLIN,-75.5684136,6.2440579,71
MM-2-UMEDELLIN,-75.5685767,6.2437763,72
MM-2-UMEDELLIN,-75.568714,6.2434862,73
MM-2-UMEDELLIN,-75.5688142,6.2432497,74
MM-2-UMEDELLIN,-75.5693191,6.2419875,75
MM-2-UMEDELLIN,-75.5695122,6.2415822,76
MM-2-UMEDELLIN,-75.5696631,6.2411899,77
MM-2-UMEDELLIN,-75.5696967,6.2411027,78
MM-2-UMEDELLIN,-75.5699017,6.240629,79
MM-2-UMEDELLIN,-75.5699724,6.2404692,80
MM-2-UMEDELLIN,-75.5701302,6.2401126,81
MM-2-UMEDELLIN,-75.5701892,6.2399379,82
MM-2-UMEDELLIN,-75.5703461,6.239398,83
MM-2-UMEDELLIN,-75.5703796,6.2392394,84
MM-2-UMEDELLIN,-75.5704091,6.2390487,85
MM-2-UMEDELLIN,-75.5704279,6.2388781,86
MM-2-UMEDELLIN,-75.5704453,6.2386101,87
MM-2-UMEDELLIN,-75.5704397,6.2382305,88
MM-2-UMEDELLIN,-75.5703888,6.2373947,89
MM-2-UMEDELLIN,-75.5703338,6.2366107,90
MM-2-UMEDELLIN,-75.5703056,6.2359935,91
MM-2-UMEDELLIN,-75.5702546,6.2354282,92
MM-2-UMEDELLIN,-75.5701995,6.2346623,93
MM-2-UMEDELLIN,-75.5701922,6.2345885,94
MM-2-UMEDELLIN,-75.5701872,6.2344917,95
MM-2-UMEDELLIN,-75.5701606,6.2340167,96
MM-2-UMEDELLIN,-75.5701365,6.2336441,97
MM-2-UMEDELLIN,-75.569983,6.231268,98
MM-2-UMEDELLIN,-75.5698874,6.2298433,99
MM-2-UMEDELLIN,-75.5698016,6.2287179,100
MM-2-UMEDELLIN,-75.5697939,6.2286168,101
MM-2-UMEDELLIN,-75.5697993,6.2283322,102
MM-2-UMEDELLIN,-75.5698279,6.2282457,103
MM-2-UMEDELLIN,-75.5698914,6.2281754,104
MM-2-UMEDELLIN,-75.5699448,6.2281469,105
MM-2-UMEDELLIN,-75.569999,6.228134,106
MM-2-UMEDELLIN,-75.5701235,6.2281554,107
MM-2-UMEDELLIN,-75.5714525,6.2291294,108
MM-2-UMEDELLIN,-75.5730595,6.2303062,109
MM-2-UMEDELLIN,-75.5731008,6.2303364,110
MM-2-UMEDELLIN,-75.573237,6.2304388,111
MM-2-UMEDELLIN,-75.5736404,6.2307119,112
MM-2-UMEDELLIN,-75.5738571,6.2308221,113
MM-2-UMEDELLIN,-75.5740591,6.2309026,114
MM-2-UMEDELLIN,-75.5742717,6.2309812,115
MM-2-UMEDELLIN,-75.5750458,6.2312187,116
MM-2-UMEDELLIN,-75.5761772,6.2315534,117
MM-2-UMEDELLIN,-75.5763313,6.2316014,118
MM-2-UMEDELLIN,-75.5764891,6.2316603,119
MM-2-UMEDELLIN,-75.5771332,6.2319195,120
MM-2-UMEDELLIN,-75.5772374,6.231944,121
MM-2-UMEDELLIN,-75.5774756,6.2319284,122
MM-2-UMEDELLIN,-75.5776917,6.2319433,123
MM-2-UMEDELLIN,-75.577852,6.2319459,124
MM-2-UMEDELLIN,-75.5781594,6.23193,125
MM-2-UMEDELLIN,-75.578254,6.2319215,126
MM-2-UMEDELLIN,-75.5783496,6.2319079,127
MM-2-UMEDELLIN,-75.5786575,6.2318658,128
MM-2-UMEDELLIN,-75.5787658,6.2318546,129
MM-2-UMEDELLIN,-75.5798024,6.2318334,130
MM-2-UMEDELLIN,-75.5799937,6.2318512,131
MM-2-UMEDELLIN,-75.5800624,6.2318597,132
MM-2-UMEDELLIN,-75.5801482,6.2318768,133
MM-2-UMEDELLIN,-75.5804123,6.2319279,134
MM-2-UMEDELLIN,-75.5804766,6.2319391,135
MM-2-UMEDELLIN,-75.5805316,6.2319439,136
MM-2-UMEDELLIN,-75.5805955,6.2319456,137
MM-2-UMEDELLIN,-75.5809913,6.2319252,138
MM-2-UMEDELLIN,-75.5820824,6.2318961,139
MM-2-UMEDELLIN,-75.5826048,6.2318804,140
MM-2-UMEDELLIN,-75.5865422,6.231762,141
MM-2-UMEDELLIN,-75.5871847,6.2317658,142
MM-2-UMEDELLIN,-75.5872756,6.2317663,143
MM-2-UMEDELLIN,-75.5888316,6.2317229,144
MM-2-UMEDELLIN,-75.5892342,6.2317019,145
MM-2-UMEDELLIN,-75.5897646,6.2316347,146
MM-2-UMEDELLIN,-75.5901047,6.2316138,147
MM-2-UMEDELLIN,-75.5909622,6.2315966,148
MM-2-UMEDELLIN,-75.5913358,6.2315867,149
MM-2-UMEDELLIN,-75.5914606,6.2315773,150
MM-2-UMEDELLIN,-75.592667,6.2315306,151
MM-2-UMEDELLIN,-75.5961953,6.2314184,152
MM-2-UMEDELLIN,-75.5967484,6.2314008,153
MM-2-UMEDELLIN,-75.5971288,6.2313809,154
MM-2-UMEDELLIN,-75.5981358,6.2313283,155
MM-2-UMEDELLIN,-75.6010609,6.2311754,156
MM-2-UMEDELLIN,-75.6014682,6.2311509,157
MM-2-UMEDELLIN,-75.6016916,6.2311187,158
MM-2-UMEDELLIN,-75.6017981,6.2311158,159
MM-2-UMEDELLIN,-75.6020917,6.2311215,160
MM-2-UMEDELLIN,-75.6023957,6.2311255,161
MM-2-UMEDELLIN,-75.6024966,6.2311451,162
MM-2-UMEDELLIN,-75.6031759,6.2311433,163
MM-2-UMEDELLIN,-75.6040491,6.2311098,164
MM-2-UMEDELLIN,-75.6041172,6.2311111,165
MM-2-UMEDELLIN,-75.6041909,6.2311125,166
MM-2-UMEDELLIN,-75.6046513,6.2311085,167
MM-2-UMEDELLIN,-75.6050526,6.2310957,168
MM-2-UMEDELLIN,-75.6056028,6.2310729,169
MM-2-UMEDELLIN,-75.6056892,6.2310632,170
MM-2-UMEDELLIN,-75.6057753,6.2310496,171
MM-2-UMEDELLIN,-75.6066909,6.2312627,172
MM-2-UMEDELLIN,-75.6067357,6.2312674,173
MM-2-UMEDELLIN,-75.6067802,6.2312652,174
MM-2-UMEDELLIN,-75.6072435,6.2312261,175
MM-2-UMEDELLIN,-75.6075108,6.2312035,176
MM-2-UMEDELLIN,-75.6083149,6.2311346,177
MM-2-UMEDELLIN,-75.608876,6.231096,178
MM-2-UMEDELLIN,-75.6095841,6.2310473,179
MM-2-UMEDELLIN,-75.6096477,6.231043,180
MM-2-UMEDELLIN,-75.6097997,6.2310326,181
MM-2-UMEDELLIN,-75.5774756,6.2319284,182
MM-2-UMEDELLIN,-75.5776917,6.2319433,183
MM-2-UMEDELLIN,-75.577852,6.2319459,184
MM-2-UMEDELLIN,-75.5781594,6.23193,185
MM-2-UMEDELLIN,-75.578254,6.2319215,186
MM-2-UMEDELLIN,-75.5783496,6.2319079,187
MM-2-UMEDELLIN,-75.5786575,6.2318658,188
MM-2-UMEDELLIN,-75.5787658,6.2318546,189
MM-2-UMEDELLIN,-75.5798024,6.2318334,190
MM-2-UMEDELLIN,-75.5799937,6.2318512,191
MM-2-UMEDELLIN,-75.5800624,6.2318597,192
MM-2-UMEDELLIN,-75.5801482,6.2318768,193
MM-2-UMEDELLIN,-75.5804123,6.2319279,194
MM-2-UMEDELLIN,-75.5804766,6.2319391,195
MM-2-UMEDELLIN,-75.5805316,6.2319439,196
MM-2-UMEDELLIN,-75.5805955,6.2319456,197
MM-2-UMEDELLIN,-75.5809913,6.2319252,198
MM-2-UMEDELLIN,-75.58102,6.231903,199
MM-2-UMEDELLIN,-75.5810406,6.2318732,200
MM-2-UMEDELLIN,-75.5810509,6.2318385,201
MM-2-UMEDELLIN,-75.5810501,6.2318023,202
MM-2-UMEDELLIN,-75.5810382,6.2317681,203
MM-2-UMEDELLIN,-75.5810163,6.2317392,204
MM-2-UMEDELLIN,-75.5809866,6.2317183,205
MM-2-UMEDELLIN,-75.5805745,6.2317443,206
MM-2-UMEDELLIN,-75.5798272,6.2317786,207
MM-2-UMEDELLIN,-75.5787485,6.2318058,208
MM-2-UMEDELLIN,-75.5786488,6.2318169,209
MM-2-UMEDELLIN,-75.5783463,6.2318661,210
MM-2-UMEDELLIN,-75.5782477,6.2318797,211
MM-2-UMEDELLIN,-75.5781428,6.2318907,212
MM-2-UMEDELLIN,-75.5777945,6.2319011,213
MM-2-UMEDELLIN,-75.5776877,6.2318976,214
MM-2-UMEDELLIN,-75.5774716,6.2318837,215
MM-2-UMEDELLIN,-75.5773566,6.2318608,216
MM-2-UMEDELLIN,-75.5772448,6.2318397,217
MM-2-UMEDELLIN,-75.5766424,6.2316218,218
MM-2-UMEDELLIN,-75.576652,6.2314143,219
MM-2-UMEDELLIN,-75.5766546,6.2311078,220
MM-2-UMEDELLIN,-75.5767559,6.2308019,221
MM-2-UMEDELLIN,-75.5767718,6.230729,222
MM-2-UMEDELLIN,-75.5767852,6.2303325,223
MM-2-UMEDELLIN,-75.5767886,6.2302339,224
MM-2-UMEDELLIN,-75.5767897,6.2301214,225
MM-2-UMEDELLIN,-75.5767943,6.22967,226
MM-2-UMEDELLIN,-75.5767675,6.2296239,227
MM-2-UMEDELLIN,-75.5767352,6.2295858,228
MM-2-UMEDELLIN,-75.5766904,6.2295648,229
MM-2-UMEDELLIN,-75.5766271,6.229568,230
MM-2-UMEDELLIN,-75.57658,6.2295976,231
MM-2-UMEDELLIN,-75.5765331,6.2296679,232
MM-2-UMEDELLIN,-75.5765211,6.2302217,233
MM-2-UMEDELLIN,-75.5765175,6.2307323,234
MM-2-UMEDELLIN,-75.5765376,6.2308286,235
MM-2-UMEDELLIN,-75.5766546,6.2311078,236
MM-2-UMEDELLIN,-75.576652,6.2314143,237
MM-2-UMEDELLIN,-75.5766424,6.2316218,238
MM-2-UMEDELLIN,-75.5772448,6.2318397,239
MM-2-UMEDELLIN,-75.5773604,6.2318869,240
MM-2-UMEDELLIN,-75.5774756,6.2319284,241
MM-2-UMEDELLIN,-75.5635902,6.263603,242
MM-2-UMEDELLIN,-75.5635572,6.2633987,243
MM-2-UMEDELLIN,-75.5636896,6.2630204,244
MM-2-UMEDELLIN,-75.5637245,6.2629208,245
MM-2-UMEDELLIN,-75.5639557,6.262261,246
MM-2-UMEDELLIN,-75.5642671,6.26143,247
MM-2-UMEDELLIN,-75.5646511,6.2605345,248
MM-2-UMEDELLIN,-75.5651269,6.2594599,249
MM-2-UMEDELLIN,-75.5654161,6.2586315,250
MM-2-UMEDELLIN,-75.5655264,6.2583961,251
MM-2-UMEDELLIN,-75.5657066,6.2580377,252
MM-2-UMEDELLIN,-75.5657838,6.2578842,253
MM-2-UMEDELLIN,-75.5658697,6.2577647,254
MM-2-UMEDELLIN,-75.5659298,6.2577306,255
MM-2-UMEDELLIN,-75.5659984,6.257705,256
MM-2-UMEDELLIN,-75.5664522,6.2577839,257
MM-2-UMEDELLIN,-75.566522,6.2573978,258
MM-2-UMEDELLIN,-75.5666178,6.2569037,259
MM-2-UMEDELLIN,-75.5667022,6.2564679,260
MM-2-UMEDELLIN,-75.5667452,6.2562631,261
MM-2-UMEDELLIN,-75.5667623,6.2561266,262
MM-2-UMEDELLIN,-75.5667452,6.2560242,263
MM-2-UMEDELLIN,-75.5666851,6.2559474,264
MM-2-UMEDELLIN,-75.5665649,6.2559303,265
MM-2-UMEDELLIN,-75.5664533,6.2559303,266
MM-2-UMEDELLIN,-75.5663503,6.2559645,267
MM-2-UMEDELLIN,-75.5637591,6.2638444,268
MM-2-UMEDELLIN,-75.5637143,6.2637713,269
MM-2-UMEDELLIN,-75.5635902,6.263603,270
MM-2-UMEDELLIN,-75.5635313,6.2635546,271
MM-2-UMEDELLIN,-75.5634642,6.2635321,272
MM-2-UMEDELLIN,-75.5633901,6.263516,273
MM-2-UMEDELLIN,-75.563294,6.2635167,274
MM-2-UMEDELLIN,-75.5628478,6.2636072,275
MM-2-UMEDELLIN,-75.5627786,6.2636283,276
MM-2-UMEDELLIN,-75.5627073,6.2636626,277
MM-2-UMEDELLIN,-75.5626381,6.2637111,278
MM-2-UMEDELLIN,-75.5625813,6.2637795,279
MM-2-UMEDELLIN,-75.562566,6.2638428,280
MM-2-UMEDELLIN,-75.5625671,6.2639137,281
MM-2-UMEDELLIN,-75.5625896,6.2639884,282
MM-2-UMEDELLIN,-75.5626254,6.264045,283
MM-2-UMEDELLIN,-75.5626915,6.264115,284
MM-2-UMEDELLIN,-75.5629418,6.2642955,285
MM-2-UMEDELLIN,-75.563068,6.2643844,286
MM-2-UMEDELLIN,-75.5631823,6.2644264,287
MM-2-UMEDELLIN,-75.5632707,6.2644298,288
MM-2-UMEDELLIN,-75.5634005,6.264377,289
MM-2-UMEDELLIN,-75.5636863,6.2641676,290
MM-2-UMEDELLIN,-75.5637084,6.2641277,291
MM-2-UMEDELLIN,-75.5637418,6.2640481,292
MM-2-UMEDELLIN,-75.5637613,6.26391,293
MM-2-UMEDELLIN,-75.5637591,6.2638444,294
MM-2-UMEDELLIN,-75.5617473,6.2637637,295
MM-2-UMEDELLIN,-75.5614565,6.263707,296
MM-2-UMEDELLIN,-75.5610187,6.2636217,297
MM-2-UMEDELLIN,-75.5608998,6.2636151,298
MM-2-UMEDELLIN,-75.5605331,6.2635508,299
MM-2-UMEDELLIN,-75.5604635,6.2635434,300
MM-2-UMEDELLIN,-75.5604093,6.263536,301
MM-2-UMEDELLIN,-75.5601606,6.2634943,302
MM-2-UMEDELLIN,-75.559898,6.2634502,303
MM-2-UMEDELLIN,-75.5598051,6.2634284,304
MM-2-UMEDELLIN,-75.5597493,6.2634181,305
MM-2-UMEDELLIN,-75.5596742,6.2634043,306
MM-2-UMEDELLIN,-75.559276,6.2633261,307
MM-2-UMEDELLIN,-75.5586926,6.263232,308
MM-2-UMEDELLIN,-75.557808,6.2630475,309
MM-2-UMEDELLIN,-75.557478,6.2629906,310
MM-2-UMEDELLIN,-75.5573611,6.2629553,311
MM-2-UMEDELLIN,-75.5572442,6.2629017,312
MM-2-UMEDELLIN,-75.5571193,6.2628117,313
MM-2-UMEDELLIN,-75.5570208,6.2627081,314
MM-2-UMEDELLIN,-75.5569428,6.2626033,315
MM-2-UMEDELLIN,-75.5568741,6.2624803,316
MM-2-UMEDELLIN,-75.5568242,6.2623455,317
MM-2-UMEDELLIN,-75.556765,6.2621031,318
MM-2-UMEDELLIN,-75.5567318,6.2620181,319
MM-2-UMEDELLIN,-75.556701,6.261963,320
MM-2-UMEDELLIN,-75.5566613,6.2619074,321
MM-2-UMEDELLIN,-75.5566127,6.261855,322
MM-2-UMEDELLIN,-75.5564395,6.2616992,323
MM-2-UMEDELLIN,-75.5563254,6.2616384,324
MM-2-UMEDELLIN,-75.5562635,6.2616272,325
MM-2-UMEDELLIN,-75.556202,6.261629,326
MM-2-UMEDELLIN,-75.5561574,6.261645,327
MM-2-UMEDELLIN,-75.5561226,6.261668,328
MM-2-UMEDELLIN,-75.5560771,6.2617061,329
MM-2-UMEDELLIN,-75.5560414,6.2617629,330
MM-2-UMEDELLIN,-75.555905,6.2621193,331
MM-2-UMEDELLIN,-75.5557522,6.2625186,332
MM-2-UMEDELLIN,-75.5557279,6.2625732,333
MM-2-UMEDELLIN,-75.5556301,6.2628118,334
MM-2-UMEDELLIN,-75.5555976,6.2628948,335
MM-2-UMEDELLIN,-75.5555448,6.2630876,336
MM-2-UMEDELLIN,-75.5555133,6.2631509,337
MM-2-UMEDELLIN,-75.5554467,6.263731,338
MM-2-UMEDELLIN,-75.5553457,6.2643491,339
MM-2-UMEDELLIN,-75.5552539,6.2652106,340
MM-2-UMEDELLIN,-75.5551813,6.2657871,341
MM-2-UMEDELLIN,-75.5551097,6.2663655,342
MM-2-UMEDELLIN,-75.5550605,6.2668518,343
MM-2-UMEDELLIN,-75.5550701,6.2669172,344
MM-2-UMEDELLIN,-75.5550497,6.2671431,345
MM-2-UMEDELLIN,-75.5550352,6.2674006,346
MM-2-UMEDELLIN,-75.5550082,6.2676823,347
MM-2-UMEDELLIN,-75.554986,6.2679127,348
MM-2-UMEDELLIN,-75.5549647,6.268088,349
MM-2-UMEDELLIN,-75.5549217,6.2682165,350
MM-2-UMEDELLIN,-75.5548852,6.2684032,351
MM-2-UMEDELLIN,-75.554743,6.2692633,352
MM-2-UMEDELLIN,-75.554605,6.2701118,353
MM-2-UMEDELLIN,-75.5544354,6.2710876,354
MM-2-UMEDELLIN,-75.5542752,6.2719526,355
MM-2-UMEDELLIN,-75.5541198,6.2727998,356
MM-2-UMEDELLIN,-75.5541283,6.2728779,357
MM-2-UMEDELLIN,-75.5540712,6.2732311,358
MM-2-UMEDELLIN,-75.5540003,6.2736581,359
MM-2-UMEDELLIN,-75.5539139,6.274,360
MM-2-UMEDELLIN,-75.5538106,6.2745046,361
MM-2-UMEDELLIN,-75.5537105,6.2750351,362
MM-2-UMEDELLIN,-75.5536552,6.2753635,363
MM-2-UMEDELLIN,-75.5535099,6.2762257,364
MM-2-UMEDELLIN,-75.5533708,6.2770687,365
MM-2-UMEDELLIN,-75.5532643,6.2777133,366
MM-2-UMEDELLIN,-75.5532718,6.2777857,367
MM-2-UMEDELLIN,-75.5532363,6.2781698,368
MM-2-UMEDELLIN,-75.5531936,6.2783949,369
MM-2-UMEDELLIN,-75.553147,6.2786406,370
MM-2-UMEDELLIN,-75.553107,6.2787877,371
MM-2-UMEDELLIN,-75.5530168,6.2790959,372
MM-2-UMEDELLIN,-75.5529094,6.2796283,373
MM-2-UMEDELLIN,-75.5527243,6.2804848,374
MM-2-UMEDELLIN,-75.5526664,6.2807895,375
MM-2-UMEDELLIN,-75.5526353,6.2809762,376
MM-2-UMEDELLIN,-75.5525708,6.2814376,377
MM-2-UMEDELLIN,-75.5525706,6.2814989,378
MM-2-UMEDELLIN,-75.5525784,6.2815597,379
MM-2-UMEDELLIN,-75.5525953,6.2816121,380
MM-2-UMEDELLIN,-75.5527339,6.2819277,381
MM-2-UMEDELLIN,-75.5528075,6.2820955,382
MM-2-UMEDELLIN,-75.5528974,6.2822742,383
MM-2-UMEDELLIN,-75.5529483,6.2823831,384
MM-2-UMEDELLIN,-75.5529647,6.2824428,385
MM-2-UMEDELLIN,-75.5529719,6.2825101,386
MM-2-UMEDELLIN,-75.5529707,6.2826082,387
MM-2-UMEDELLIN,-75.5529416,6.2828881,388
MM-2-UMEDELLIN,-75.5529073,6.2832184,389
MM-2-UMEDELLIN,-75.5528233,6.2837533,390
MM-2-UMEDELLIN,-75.5528177,6.28379,391
MM-2-UMEDELLIN,-75.5528001,6.283884,392
MM-2-UMEDELLIN,-75.5528093,6.2839432,393
MM-2-UMEDELLIN,-75.5528321,6.2840018,394
MM-2-UMEDELLIN,-75.5528723,6.2840712,395
MM-2-UMEDELLIN,-75.5529059,6.2841098,396
MM-2-UMEDELLIN,-75.5529474,6.2841525,397
MM-2-UMEDELLIN,-75.5530051,6.2841911,398
MM-2-UMEDELLIN,-75.5530735,6.2842325,399
MM-2-UMEDELLIN,-75.553162,6.2842684,400
MM-2-UMEDELLIN,-75.5536194,6.2843956,401
MM-2-UMEDELLIN,-75.5537001,6.2844156,402
MM-2-UMEDELLIN,-75.5537793,6.284424,403
MM-2-UMEDELLIN,-75.5542345,6.2844503,404
MM-2-UMEDELLIN,-75.5548352,6.284478,405
MM-2-UMEDELLIN,-75.555443,6.2845115,406
MM-2-UMEDELLIN,-75.5556959,6.2845213,407
MM-2-UMEDELLIN,-75.5559325,6.2845148,408
MM-2-UMEDELLIN,-75.5564959,6.284528,409
MM-2-UMEDELLIN,-75.5565549,6.284548,410
MM-2-UMEDELLIN,-75.5566005,6.284592,411
MM-2-UMEDELLIN,-75.5566374,6.2846343,412
MM-2-UMEDELLIN,-75.5566514,6.2846914,413
MM-2-UMEDELLIN,-75.5566554,6.2847456,414
MM-2-UMEDELLIN,-75.5566349,6.285192,415